id,t,dTot,dFed,rFed,oFed,sFed
p30,0,0,0,0,20,0
p30,5,0,0,0,20,1
p30,10,0,0,0,20,6
p30,15,0,0,0,20,9
p30,20,0,0,0,20,15
p30,25,0,0,0,20,16
p30,30,0,0,0,20,18
p30,35,0,0,0,20,20
p30,600,40,20,0,20,20
p30,601,40,20,0,13,13
p30,602,40,20,0,6,5
p30,603,40,20,0,1,0
p30,604,40,20,0,0,0
p30,607,40,20,1,0,0
p30,608,40,20,4,0,0
p30,612,40,20,7,0,0
p30,613,40,20,6,0,0
p30,614,40,20,5,0,0
p30,617,40,20,2,0,0
p30,618,40,20,3,0,0
p30,619,40,20,5,0,0
p30,622,40,20,8,0,0
p30,623,40,20,9,0,0
p30,624,40,20,10,0,0
p30,628,40,20,13,0,0
p30,629,40,20,14,0,0
p30,633,40,20,16,0,0
p30,636,40,20,16,0,0
p30,637,40,20,16,0,0
p30,638,40,20,16,0,0
p30,649,40,20,17,0,0
p30,651,40,20,18,0,0
p30,652,40,20,19,0,0
p30,653,40,20,18,0,0
p30,667,40,20,19,0,0
p30,668,40,20,18,0,0
p30,674,40,20,19,0,0
p30,679,40,20,20,0,0
p30,1201,34,14,16,6,0
p30,1202,26,6,16,14,0
p30,1203,21,1,13,15,6
p30,1204,20,0,8,16,6
p30,1205,20,0,6,16,6
p30,1206,20,0,4,16,6
p30,1207,20,0,0,16,4
p30,1208,20,0,0,12,7
p30,1209,20,0,0,2,1
p30,1210,20,0,0,0,0
p30,1215,19,0,0,1,1
p30,1220,19,0,0,1,1
p30,1221,15,0,0,5,1
p30,1222,14,0,0,6,1
p30,1225,13,0,0,7,1
p30,1226,11,0,0,9,9
p30,1227,10,0,0,10,9
p30,1228,9,0,0,11,9
p30,1231,8,0,0,12,9
p30,1232,7,0,0,13,12
p30,1235,6,0,0,14,12
p30,1237,6,0,0,14,14
p30,1238,5,0,0,15,14
p30,1242,4,0,0,16,15
p30,1247,3,0,0,17,17
p30,1257,2,0,0,18,18
p30,1258,1,0,0,19,18
p30,1262,1,0,0,19,19
p30,1267,0,0,0,20,20
p30,1287,0,0,0,20,20
p30,1800,40,20,0,20,20
p30,1802,40,20,0,18,17
p30,1803,40,20,0,9,9
p30,1804,40,20,0,2,1
p30,1805,40,20,0,0,0
p30,1807,40,20,3,0,0
p30,1808,40,20,1,0,0
p30,1809,40,20,1,0,0
p30,1814,40,20,0,0,0
p30,1818,40,20,1,0,0
p30,1822,40,20,1,0,0
p30,1827,40,20,1,0,0
p30,1829,40,20,2,0,0
p30,1830,40,20,3,0,0
p30,1832,40,20,3,0,0
p30,1833,40,20,7,0,0
p30,1834,40,20,9,0,0
p30,1835,40,20,8,0,0
p30,1836,40,20,9,0,0
p30,1839,40,20,10,0,0
p30,1840,40,20,10,0,0
p30,1844,40,20,9,0,0
p30,1845,40,20,9,0,0
p30,1846,40,20,10,0,0
p30,1847,40,20,11,0,0
p30,1848,40,20,8,0,0
p30,1849,40,20,8,0,0
p30,1850,40,20,9,0,0
p30,1851,40,20,10,0,0
p30,1852,40,20,11,0,0
p30,1853,40,20,12,0,0
p30,1855,40,20,13,0,0
p30,1856,40,20,15,0,0
p30,1857,40,20,16,0,0
p30,1858,40,20,17,0,0
p30,1860,40,20,17,0,0
p30,1862,40,20,18,0,0
p30,1867,40,20,18,0,0
p30,1868,40,20,17,0,0
p30,1881,40,20,18,0,0
p30,1882,40,20,19,0,0
p30,1902,40,20,18,0,0
p30,1910,40,20,18,0,0
p30,1911,40,20,19,0,0
p30,1921,40,20,20,0,0
p30,2401,40,20,15,0,0
p30,2402,40,20,13,0,0
p30,2403,30,10,12,3,0
p30,2404,22,2,7,11,0
p30,2405,20,0,2,13,0
p30,2406,20,0,1,13,0
p30,2407,20,0,0,13,0
p30,2408,20,0,0,4,3
p30,2409,20,0,0,0,0
p30,2422,19,0,0,1,0
p30,2425,19,0,0,1,1
p30,2428,18,0,0,2,1
p30,2430,18,0,0,2,2
p30,2436,16,0,0,4,3
p30,2439,15,0,0,5,3
p30,2441,14,0,0,6,6
p30,2442,14,0,0,6,6
p30,2447,12,0,0,8,7
p30,2448,12,0,0,8,8
p30,2450,11,0,0,9,8
p30,2451,10,0,0,10,8
p30,2452,8,0,0,12,8
p30,2453,8,0,0,12,12
p30,2454,7,0,0,13,12
p30,2456,6,0,0,14,12
p30,2457,4,0,0,16,12
p30,2459,4,0,0,16,16
p30,2464,4,0,0,16,16
p30,2466,3,0,0,17,16
p30,2469,3,0,0,17,17
p30,2471,2,0,0,18,17
p30,2474,2,0,0,18,18
p30,2477,1,0,0,19,18
p30,2479,1,0,0,19,19
p30,2484,1,0,0,19,19
p30,2489,1,0,0,19,19
p30,2504,1,0,0,19,19
p30,2507,0,0,0,20,19
p30,2509,0,0,0,20,20
p30,2528,0,0,0,20,19
p30,2689,0,0,0,20,20
p30,3000,40,20,0,20,20
p30,3004,40,20,0,16,16
p30,3005,40,20,0,5,5
p30,3006,40,20,0,0,0
p30,3007,40,20,1,0,0
p30,3010,40,20,1,0,0
p30,3014,40,20,0,0,0
p30,3026,40,20,0,0,0
p30,3031,40,20,1,0,0
p30,3033,40,20,2,0,0
p30,3037,40,20,3,0,0
p30,3038,40,20,3,0,0
p30,3039,40,20,5,0,0
p30,3040,40,20,6,0,0
p30,3041,40,20,6,0,0
p30,3043,40,20,8,0,0
p30,3045,40,20,9,0,0
p30,3048,40,20,10,0,0
p30,3049,40,20,13,0,0
p30,3052,40,20,13,0,0
p30,3055,40,20,14,0,0
p30,3056,40,20,15,0,0
p30,3057,40,20,15,0,0
p30,3059,40,20,15,0,0
p30,3063,40,20,15,0,0
p30,3064,40,20,16,0,0
p30,3065,40,20,16,0,0
p30,3068,40,20,16,0,0
p30,3069,40,20,15,0,0
p30,3072,40,20,16,0,0
p30,3074,40,20,16,0,0
p30,3076,40,20,17,0,0
p30,3079,40,20,18,0,0
p30,3083,40,20,19,0,0
p30,3088,40,20,19,0,0
p30,3093,40,20,20,0,0
p30,3183,40,20,19,0,0
p30,3196,40,20,20,0,0
p30,3238,40,20,19,0,0
p30,3262,40,20,20,0,0
p30,3308,40,20,19,0,0
p30,3321,40,20,20,0,0
p30,3323,40,20,19,0,0
p30,3369,40,20,20,0,0
p30,3543,40,20,19,0,0
p30,3582,40,20,20,0,0
p30,3601,40,20,17,0,0
p30,3602,40,20,12,0,0
p30,3603,40,20,5,0,0
p30,3604,37,17,2,3,0
p30,3605,26,6,0,14,0
p30,3606,20,0,0,15,6
p30,3607,20,0,0,4,3
p30,3608,20,0,0,0,0
p30,3636,18,0,0,2,0
p30,3639,18,0,0,2,2
p30,3640,18,0,0,2,2
p30,3642,16,0,0,4,2
p30,3643,15,0,0,5,2
p30,3644,14,0,0,6,2
p30,3645,14,0,0,6,6
p30,3646,14,0,0,6,6
p30,3647,12,0,0,8,6
p30,3651,10,0,0,10,10
p30,3652,9,0,0,11,11
p30,3662,8,0,0,12,11
p30,3663,8,0,0,12,12
p30,3668,7,0,0,13,12
p30,3669,7,0,0,13,13
p30,3674,7,0,0,13,13
p30,3675,6,0,0,14,13
p30,3676,5,0,0,15,13
p30,3679,5,0,0,15,15
p30,3681,4,0,0,16,15
p30,3684,4,0,0,16,16
p30,3687,3,0,0,17,16
p30,3690,3,0,0,17,16
p30,3695,3,0,0,17,17
p30,3696,2,0,0,18,17
p30,3700,1,0,0,19,18
p30,3705,1,0,0,19,19
p30,3724,0,0,0,20,19
p30,3725,0,0,0,20,20
p30,3760,0,0,0,20,20
p30,4200,40,20,0,20,20
p30,4201,40,20,0,3,3
p30,4202,40,20,0,0,0
p30,4204,40,20,1,0,0
p30,4205,40,20,3,0,0
p30,4206,40,20,4,0,0
p30,4207,40,20,4,0,0
p30,4208,40,20,4,0,0
p30,4209,40,20,4,0,0
p30,4210,40,20,4,0,0
p30,4211,40,20,2,0,0
p30,4213,40,20,1,0,0
p30,4214,40,20,0,0,0
p30,4240,40,20,1,0,0
p30,4246,40,20,0,0,0
p30,4249,40,20,1,0,0
p30,4251,40,20,2,0,0
p30,4253,40,20,4,0,0
p30,4254,40,20,3,0,0
p30,4255,40,20,3,0,0
p30,4256,40,20,3,0,0
p30,4257,40,20,4,0,0
p30,4258,40,20,3,0,0
p30,4259,40,20,4,0,0
p30,4260,40,20,5,0,0
p30,4261,40,20,4,0,0
p30,4263,40,20,5,0,0
p30,4264,40,20,5,0,0
p30,4265,40,20,6,0,0
p30,4266,40,20,5,0,0
p30,4269,40,20,6,0,0
p30,4274,40,20,6,0,0
p30,4275,40,20,6,0,0
p30,4280,40,20,7,0,0
p30,4281,40,20,6,0,0
p30,4283,40,20,7,0,0
p30,4286,40,20,7,0,0
p30,4288,40,20,8,0,0
p30,4289,40,20,8,0,0
p30,4290,40,20,9,0,0
p30,4291,40,20,9,0,0
p30,4292,40,20,10,0,0
p30,4293,40,20,11,0,0
p30,4296,40,20,12,0,0
p30,4299,40,20,13,0,0
p30,4301,40,20,12,0,0
p30,4302,40,20,13,0,0
p30,4303,40,20,13,0,0
p30,4307,40,20,14,0,0
p30,4312,40,20,14,0,0
p30,4319,40,20,16,0,0
p30,4320,40,20,17,0,0
p30,4323,40,20,16,0,0
p30,4324,40,20,17,0,0
p30,4327,40,20,17,0,0
p30,4329,40,20,18,0,0
p30,4331,40,20,19,0,0
p30,4336,40,20,18,0,0
p30,4348,40,20,18,0,0
p30,4354,40,20,19,0,0
p30,4374,40,20,20,0,0
p30,4394,40,20,19,0,0
p30,4408,40,20,20,0,0
p30,4439,40,20,19,0,0
p30,4450,40,20,20,0,0
p30,4454,40,20,19,0,0
p30,4463,40,20,20,0,0
p30,4479,40,20,19,0,0
p30,4484,40,20,18,0,0
p30,4494,40,20,19,0,0
p30,4498,40,20,18,0,0
p30,4499,40,20,17,0,0
p30,4519,40,20,17,0,0
p30,4527,40,20,18,0,0
p30,4530,40,20,20,0,0
p30,4540,40,20,19,0,0
p30,4549,40,20,20,0,0
p30,4629,40,20,19,0,0
p30,4635,40,20,18,0,0
p30,4638,40,20,17,0,0
p30,4642,40,20,18,0,0
p30,4650,40,20,17,0,0
p30,4658,40,20,18,0,0
p30,4664,40,20,19,0,0
p30,4680,40,20,20,0,0
p30,4685,40,20,19,0,0
p30,4693,40,20,20,0,0
p30,4769,40,20,19,0,0
p30,4783,40,20,20,0,0
p30,4801,23,3,17,17,0
p30,4802,20,0,17,20,0
p30,4803,20,0,9,20,0
p30,4804,20,0,6,20,0
p30,4805,20,0,2,20,0
p30,4806,20,0,2,7,7
p30,4807,20,0,0,2,2
p30,4809,20,0,0,2,1
p30,4813,20,0,0,0,0
p30,4852,19,0,0,1,0
p30,4856,19,0,0,1,1
p30,4858,18,0,0,2,1
p30,4861,17,0,0,3,1
p30,4862,17,0,0,3,3
p30,4863,17,0,0,3,3
p30,4864,17,0,0,3,3
p30,4865,17,0,0,3,3
p30,4866,16,0,0,4,4
p30,4867,16,0,0,4,4
p30,4873,16,0,0,4,4
p30,4875,16,0,0,4,4
p30,4878,15,0,0,5,4
p30,4879,14,0,0,6,4
p30,4881,14,0,0,6,6
p30,4885,13,0,0,7,6
p30,4887,13,0,0,7,7
p30,4888,13,0,0,7,7
p30,4889,12,0,0,8,7
p30,4893,12,0,0,8,8
p30,4896,11,0,0,9,8
p30,4898,10,0,0,10,10
p30,4899,10,0,0,10,10
p30,4901,9,0,0,11,10
p30,4904,9,0,0,11,11
p30,4905,8,0,0,12,11
p30,4909,8,0,0,12,12
p30,4918,7,0,0,13,12
p30,4920,7,0,0,13,13
p30,4924,6,0,0,14,13
p30,4925,6,0,0,14,14
p30,4929,5,0,0,15,14
p30,4930,5,0,0,15,15
p30,4940,5,0,0,15,15
p30,4953,4,0,0,16,15
p30,4955,4,0,0,16,16
p30,4959,3,0,0,17,16
p30,4960,3,0,0,17,17
p30,4978,1,0,0,19,17
p30,4980,1,0,0,19,19
p30,4995,1,0,0,19,19
p30,5002,0,0,0,20,19
p30,5015,0,0,0,20,20
p30,5020,0,0,0,20,20
p30,5025,0,0,0,20,20
p30,5040,0,0,0,20,20
p30,5075,0,0,0,20,20
p30,5260,0,0,0,20,20
p30,5400,40,20,0,20,20
p30,5401,40,20,0,9,8
p30,5402,40,20,0,2,1
p30,5403,40,20,0,0,0
p30,5405,40,20,4,0,0
p30,5406,40,20,3,0,0
p30,5407,40,20,5,0,0
p30,5408,40,20,5,0,0
p30,5409,40,20,6,0,0
p30,5410,40,20,5,0,0
p30,5412,40,20,2,0,0
p30,5413,40,20,1,0,0
p30,5414,40,20,0,0,0
p30,5462,40,20,0,0,0
p30,5472,40,20,0,0,0
p30,5473,40,20,0,0,0
p30,5475,40,20,0,0,0
p30,5479,40,20,3,0,0
p30,5480,40,20,4,0,0
p30,5481,40,20,2,0,0
p30,5482,40,20,2,0,0
p30,5485,40,20,2,0,0
p30,5486,40,20,2,0,0
p30,5487,40,20,3,0,0
p30,5488,40,20,4,0,0
p30,5489,40,20,3,0,0
p30,5492,40,20,4,0,0
p30,5495,40,20,5,0,0
p30,5496,40,20,5,0,0
p30,5497,40,20,5,0,0
p30,5498,40,20,6,0,0
p30,5500,40,20,7,0,0
p30,5502,40,20,8,0,0
p30,5503,40,20,7,0,0
p30,5504,40,20,7,0,0
p30,5505,40,20,8,0,0
p30,5506,40,20,8,0,0
p30,5509,40,20,9,0,0
p30,5511,40,20,9,0,0
p30,5512,40,20,8,0,0
p30,5516,40,20,10,0,0
p30,5522,40,20,9,0,0
p30,5523,40,20,11,0,0
p30,5525,40,20,11,0,0
p30,5527,40,20,9,0,0
p30,5530,40,20,9,0,0
p30,5533,40,20,11,0,0
p30,5534,40,20,12,0,0
p30,5536,40,20,12,0,0
p30,5538,40,20,11,0,0
p30,5540,40,20,12,0,0
p30,5541,40,20,13,0,0
p30,5544,40,20,14,0,0
p30,5545,40,20,14,0,0
p30,5549,40,20,16,0,0
p30,5552,40,20,17,0,0
p30,5554,40,20,18,0,0
p30,5565,40,20,19,0,0
p30,5581,40,20,20,0,0
p30,5614,40,20,18,0,0
p30,5620,40,20,19,0,0
p30,5645,40,20,20,0,0
p30,5940,40,20,19,0,0
p30,5950,40,20,19,0,0
p30,5959,40,20,20,0,0
p30,5965,40,20,19,0,0
p30,5977,40,20,20,0,0
p30,6001,29,9,18,11,0
p30,6002,22,2,17,16,2
p30,6003,20,0,11,17,5
p30,6004,20,0,10,17,5
p30,6006,20,0,9,17,5
p30,6007,20,0,1,17,5
p30,6008,20,0,0,7,6
p30,6009,20,0,0,1,1
p30,6010,20,0,0,1,0
p30,6014,20,0,0,0,0
p30,6080,19,0,0,1,0
p30,6085,19,0,0,1,1
p30,6086,18,0,0,2,2
p30,6087,18,0,0,2,2
p30,6088,18,0,0,2,2
p30,6089,17,0,0,3,3
p30,6090,17,0,0,3,2
p30,6091,16,0,0,4,4
p30,6099,15,0,0,5,4
p30,6101,14,0,0,6,4
p30,6103,14,0,0,6,6
p30,6104,14,0,0,6,6
p30,6109,13,0,0,7,6
p30,6110,13,0,0,7,7
p30,6111,13,0,0,7,7
p30,6121,12,0,0,8,7
p30,6122,11,0,0,9,7
p30,6124,11,0,0,9,8
p30,6125,11,0,0,9,9
p30,6131,11,0,0,9,8
p30,6132,11,0,0,9,9
p30,6134,10,0,0,10,9
p30,6137,10,0,0,10,10
p30,6138,10,0,0,10,10
p30,6140,9,0,0,11,10
p30,6141,5,0,0,15,10
p30,6144,5,0,0,15,15
p30,6149,5,0,0,15,15
p30,6154,5,0,0,15,15
p30,6155,3,0,0,17,15
p30,6156,2,0,0,18,15
p30,6159,2,0,0,18,18
p30,6165,2,0,0,18,18
p30,6170,2,0,0,18,18
p30,6175,1,0,0,19,18
p30,6180,0,0,0,20,20
p30,6195,0,0,0,20,20
p30,6210,0,0,0,20,20
p30,6220,0,0,0,20,20
p30,6225,0,0,0,20,20
p30,6250,0,0,0,20,20
p30,6270,0,0,0,20,20
p30,6600,40,20,0,20,20
p30,6601,40,20,0,18,18
p30,6602,40,20,0,8,7
p30,6603,40,20,0,0,0
p30,6606,40,20,1,0,0
p30,6607,40,20,4,0,0
p30,6608,40,20,4,0,0
p30,6609,40,20,4,0,0
p30,6610,40,20,5,0,0
p30,6613,40,20,0,0,0
p30,6614,40,20,0,0,0
p30,6675,40,20,0,0,0
p30,6679,40,20,2,0,0
p30,6681,40,20,1,0,0
p30,6682,40,20,1,0,0
p30,6690,40,20,1,0,0
p30,6691,40,20,1,0,0
p30,6693,40,20,2,0,0
p30,6699,40,20,3,0,0
p30,6702,40,20,4,0,0
p30,6703,40,20,3,0,0
p30,6710,40,20,5,0,0
p30,6711,40,20,5,0,0
p30,6714,40,20,6,0,0
p30,6715,40,20,5,0,0
p30,6723,40,20,6,0,0
p30,6725,40,20,5,0,0
p30,6726,40,20,5,0,0
p30,6727,40,20,5,0,0
p30,6728,40,20,6,0,0
p30,6729,40,20,5,0,0
p30,6731,40,20,7,0,0
p30,6736,40,20,7,0,0
p30,6737,40,20,7,0,0
p30,6738,40,20,6,0,0
p30,6739,40,20,5,0,0
p30,6740,40,20,6,0,0
p30,6744,40,20,5,0,0
p30,6745,40,20,6,0,0
p30,6750,40,20,7,0,0
p30,6751,40,20,8,0,0
p30,6752,40,20,7,0,0
p30,6753,40,20,9,0,0
p30,6754,40,20,8,0,0
p30,6760,40,20,9,0,0
p30,6764,40,20,10,0,0
p30,6765,40,20,10,0,0
p30,6767,40,20,11,0,0
p30,6768,40,20,12,0,0
p30,6769,40,20,11,0,0
p30,6771,40,20,12,0,0
p30,6776,40,20,13,0,0
p30,6779,40,20,14,0,0
p30,6780,40,20,15,0,0
p30,6784,40,20,16,0,0
p30,6785,40,20,15,0,0
p30,6786,40,20,15,0,0
p30,6788,40,20,16,0,0
p30,6790,40,20,16,0,0
p30,6791,40,20,15,0,0
p30,6792,40,20,14,0,0
p30,6793,40,20,15,0,0
p30,6797,40,20,14,0,0
p30,6800,40,20,15,0,0
p30,6803,40,20,16,0,0
p30,6804,40,20,17,0,0
p30,6805,40,20,16,0,0
p30,6807,40,20,18,0,0
p30,6814,40,20,19,0,0
p30,6819,40,20,20,0,0
p30,6839,40,20,19,0,0
p30,6883,40,20,20,0,0
p30,6955,40,20,19,0,0
p30,6975,40,20,18,0,0
p30,6983,40,20,19,0,0
p30,6987,40,20,20,0,0
p30,7014,40,20,19,0,0
p30,7030,40,20,20,0,0
p30,7070,40,20,18,0,0
p30,7075,40,20,17,0,0
p30,7080,40,20,18,0,0
p30,7082,40,20,20,0,0
p30,7091,40,20,19,0,0
p30,7101,40,20,18,0,0
p30,7105,40,20,18,0,0
p30,7114,40,20,19,0,0
p30,7117,40,20,20,0,0
p30,7120,40,20,19,0,0
p30,7125,40,20,18,0,0
p30,7130,40,20,17,0,0
p30,7132,40,20,17,0,0
p30,7133,40,20,18,0,0
p30,7149,40,20,19,0,0
p30,7168,40,20,20,0,0
p30,7173,40,20,19,0,0
p30,7178,40,20,20,0,0
p30,7201,38,18,10,2,0
p30,7202,28,8,10,12,0
p30,7203,20,0,9,20,0
p30,7204,20,0,8,9,9
p30,7205,20,0,6,9,9
p30,7206,20,0,4,9,9
p30,7207,20,0,2,9,9
p30,7208,20,0,0,9,9
p30,7210,20,0,0,2,1
p30,7282,19,0,0,1,1
p30,7283,19,0,0,1,1
p30,7295,18,0,0,2,1
p30,7299,18,0,0,2,2
p30,7300,18,0,0,2,2
p30,7301,18,0,0,2,2
p30,7302,17,0,0,3,3
p30,7303,17,0,0,3,3
p30,7306,16,0,0,4,3
p30,7310,16,0,0,4,4
p30,7311,16,0,0,4,4
p30,7312,15,0,0,5,5
p30,7328,15,0,0,5,5
p30,7329,15,0,0,5,5
p30,7332,15,0,0,5,5
p30,7362,14,0,0,6,5
p30,7363,14,0,0,6,6
p30,7364,14,0,0,6,6
p30,7371,14,0,0,6,6
p30,7372,13,0,0,7,6
p30,7376,13,0,0,7,7
p30,7377,13,0,0,7,7
p30,7381,12,0,0,8,7
p30,7382,11,0,0,9,8
p30,7383,11,0,0,9,9
p30,7384,11,0,0,9,9
p30,7387,10,0,0,10,9
p30,7390,9,0,0,11,11
p30,7391,8,0,0,12,11
p30,7392,7,0,0,13,13
p30,7397,7,0,0,13,12
p30,7398,7,0,0,13,13
p30,7403,6,0,0,14,13
p30,7408,6,0,0,14,14
p30,7410,4,0,0,16,14
p30,7412,3,0,0,17,14
p30,7413,3,0,0,17,17
p30,7414,2,0,0,18,17
p30,7417,1,0,0,19,17
p30,7418,1,0,0,19,19
p30,7424,1,0,0,19,19
p30,7429,1,0,0,19,19
p30,7434,0,0,0,20,20
p30,7439,0,0,0,20,20
p30,7444,0,0,0,20,20
p30,7454,0,0,0,20,20
p30,7474,0,0,0,20,20
p30,7800,40,20,0,20,20
p30,7801,40,20,0,4,4
p30,7802,40,20,0,0,0
p30,7805,40,20,2,0,0
p30,7806,40,20,5,0,0
p30,7807,40,20,6,0,0
p30,7808,40,20,7,0,0
p30,7809,40,20,7,0,0
p30,7810,40,20,8,0,0
p30,7811,40,20,6,0,0
p30,7812,40,20,4,0,0
p30,7813,40,20,3,0,0
p30,7814,40,20,1,0,0
p30,7815,40,20,0,0,0
p30,7925,40,20,1,0,0
p30,7927,40,20,0,0,0
p30,7936,40,20,1,0,0
p30,7937,40,20,2,0,0
p30,7940,40,20,2,0,0
p30,7941,40,20,1,0,0
p30,7952,40,20,2,0,0
p30,7955,40,20,2,0,0
p30,7962,40,20,3,0,0
p30,7963,40,20,5,0,0
p30,7964,40,20,4,0,0
p30,7966,40,20,5,0,0
p30,7967,40,20,4,0,0
p30,7970,40,20,5,0,0
p30,7971,40,20,5,0,0
p30,7972,40,20,6,0,0
p30,7973,40,20,5,0,0
p30,7974,40,20,6,0,0
p30,7976,40,20,5,0,0
p30,7977,40,20,6,0,0
p30,7981,40,20,7,0,0
p30,7982,40,20,6,0,0
p30,7983,40,20,6,0,0
p30,7985,40,20,6,0,0
p30,7992,40,20,7,0,0
p30,7993,40,20,10,0,0
p30,7994,40,20,9,0,0
p30,7995,40,20,9,0,0
p30,8000,40,20,10,0,0
p30,8001,40,20,11,0,0
p30,8002,40,20,11,0,0
p30,8005,40,20,10,0,0
p30,8008,40,20,10,0,0
p30,8009,40,20,9,0,0
p30,8012,40,20,9,0,0
p30,8015,40,20,10,0,0
p30,8017,40,20,11,0,0
p30,8019,40,20,11,0,0
p30,8021,40,20,10,0,0
p30,8024,40,20,11,0,0
p30,8027,40,20,12,0,0
p30,8028,40,20,13,0,0
p30,8030,40,20,13,0,0
p30,8032,40,20,14,0,0
p30,8033,40,20,13,0,0
p30,8034,40,20,13,0,0
p30,8039,40,20,14,0,0
p30,8042,40,20,15,0,0
p30,8047,40,20,16,0,0
p30,8054,40,20,17,0,0
p30,8057,40,20,18,0,0
p30,8059,40,20,17,0,0
p30,8065,40,20,16,0,0
p30,8082,40,20,17,0,0
p30,8087,40,20,17,0,0
p30,8089,40,20,18,0,0
p30,8098,40,20,19,0,0
p30,8134,40,20,20,0,0
p30,8200,40,20,19,0,0
p30,8205,40,20,18,0,0
p30,8220,40,20,17,0,0
p30,8225,40,20,18,0,0
p30,8231,40,20,19,0,0
p30,8235,40,20,18,0,0
p30,8237,40,20,18,0,0
p30,8240,40,20,17,0,0
p30,8245,40,20,18,0,0
p30,8248,40,20,19,0,0
p30,8257,40,20,20,0,0
p30,8261,40,20,18,0,0
p30,8266,40,20,17,0,0
p30,8270,40,20,18,0,0
p30,8271,40,20,17,0,0
p30,8275,40,20,18,0,0
p30,8276,40,20,17,0,0
p30,8285,40,20,18,0,0
p30,8287,40,20,19,0,0
p30,8296,40,20,20,0,0
p30,8382,40,20,19,0,0
p30,8389,40,20,20,0,0
p30,8401,27,7,20,13,2
p30,8402,20,0,19,20,2
p30,8403,20,0,15,20,2
p30,8404,20,0,8,20,2
p30,8405,20,0,4,20,2
p30,8406,20,0,2,17,5
p30,8407,20,0,2,8,8
p30,8408,20,0,0,4,4
p30,8409,20,0,0,3,3
p30,8414,20,0,0,0,0
p30,8551,19,0,0,1,0
p30,8554,19,0,0,1,1
p30,8555,19,0,0,1,1
p30,8556,19,0,0,1,1
p30,8557,19,0,0,1,1
p30,8564,18,0,0,2,1
p30,8565,17,0,0,3,1
p30,8568,17,0,0,3,3
p30,8569,17,0,0,3,3
p30,8570,17,0,0,3,3
p30,8571,17,0,0,3,3
p30,8576,16,0,0,4,4
p30,8577,16,0,0,4,4
p30,8586,15,0,0,5,4
p30,8588,14,0,0,6,5
p30,8589,14,0,0,6,6
p30,8590,14,0,0,6,5
p30,8591,14,0,0,6,6
p30,8592,14,0,0,6,6
p30,8593,14,0,0,6,6
p30,8594,14,0,0,6,6
p30,8596,14,0,0,6,5
p30,8597,14,0,0,6,6
p30,8608,14,0,0,6,7
p30,8609,12,0,0,8,7
p30,8610,12,0,0,8,8
p30,8615,12,0,0,8,8
p30,8619,11,0,0,9,8
p30,8621,11,0,0,9,9
p30,8622,10,0,0,10,10
p30,8623,10,0,0,10,10
p30,8624,10,0,0,10,10
p30,8625,8,0,0,12,12
p30,8630,8,0,0,12,12
p30,8632,8,0,0,12,12
p30,8635,7,0,0,13,12
p30,8638,7,0,0,13,13
p30,8643,7,0,0,13,13
p30,8644,6,0,0,14,13
p30,8649,6,0,0,14,13
p30,8650,6,0,0,14,14
p30,8651,5,0,0,15,14
p30,8656,5,0,0,15,15
p30,8661,5,0,0,15,15
p30,8667,5,0,0,15,15
p30,8676,4,0,0,16,15
p30,8678,4,0,0,16,16
p30,8680,3,0,0,17,16
p30,8683,3,0,0,17,17
p30,8687,2,0,0,18,17
p30,8689,2,0,0,18,18
p30,8704,1,0,0,19,18
p30,8705,1,0,0,19,19
p30,8721,0,0,0,20,19
p30,8725,0,0,0,20,20
p30,8807,0,0,0,20,20
p30,9000,40,20,0,20,20
p30,9002,40,20,0,11,10
p30,9003,40,20,0,8,7
p30,9004,40,20,0,5,5
p30,9005,40,20,0,3,2
p30,9006,40,20,0,0,0
p30,9011,40,20,1,0,0
p30,9012,40,20,0,0,0
p30,9013,40,20,1,0,0
p30,9014,40,20,0,0,0
p30,9015,40,20,0,0,0
p30,9161,40,20,1,0,0
p30,9162,40,20,0,0,0
p30,9165,40,20,1,0,0
p30,9179,40,20,2,0,0
p30,9180,40,20,1,0,0
p30,9184,40,20,2,0,0
p30,9185,40,20,4,0,0
p30,9186,40,20,4,0,0
p30,9192,40,20,3,0,0
p30,9195,40,20,4,0,0
p30,9196,40,20,3,0,0
p30,9197,40,20,3,0,0
p30,9210,40,20,3,0,0
p30,9212,40,20,3,0,0
p30,9216,40,20,3,0,0
p30,9220,40,20,5,0,0
p30,9221,40,20,6,0,0
p30,9222,40,20,7,0,0
p30,9223,40,20,6,0,0
p30,9226,40,20,7,0,0
p30,9227,40,20,6,0,0
p30,9230,40,20,6,0,0
p30,9239,40,20,8,0,0
p30,9240,40,20,9,0,0
p30,9241,40,20,7,0,0
p30,9244,40,20,9,0,0
p30,9245,40,20,8,0,0
p30,9250,40,20,7,0,0
p30,9253,40,20,8,0,0
p30,9260,40,20,9,0,0
p30,9261,40,20,10,0,0
p30,9262,40,20,9,0,0
p30,9264,40,20,9,0,0
p30,9268,40,20,10,0,0
p30,9272,40,20,10,0,0
p30,9273,40,20,9,0,0
p30,9281,40,20,11,0,0
p30,9287,40,20,12,0,0
p30,9294,40,20,12,0,0
p30,9299,40,20,13,0,0
p30,9302,40,20,13,0,0
p30,9311,40,20,12,0,0
p30,9316,40,20,11,0,0
p30,9318,40,20,12,0,0
p30,9326,40,20,14,0,0
p30,9329,40,20,15,0,0
p30,9330,40,20,16,0,0
p30,9331,40,20,15,0,0
p30,9333,40,20,14,0,0
p30,9342,40,20,15,0,0
p30,9350,40,20,15,0,0
p30,9352,40,20,16,0,0
p30,9363,40,20,18,0,0
p30,9378,40,20,19,0,0
p30,9388,40,20,18,0,0
p30,9393,40,20,19,0,0
p30,9409,40,20,18,0,0
p30,9414,40,20,16,0,0
p30,9416,40,20,18,0,0
p30,9418,40,20,17,0,0
p30,9424,40,20,18,0,0
p30,9435,40,20,17,0,0
p30,9440,40,20,16,0,0
p30,9443,40,20,18,0,0
p30,9445,40,20,15,0,0
p30,9450,40,20,16,0,0
p30,9452,40,20,17,0,0
p30,9453,40,20,18,0,0
p30,9478,40,20,20,0,0
p30,9520,40,20,19,0,0
p30,9526,40,20,15,0,0
p30,9529,40,20,16,0,0
p30,9532,40,20,17,0,0
p30,9536,40,20,16,0,0
p30,9540,40,20,17,0,0
p30,9541,40,20,18,0,0
p30,9546,40,20,16,0,0
p30,9551,40,20,15,0,0
p30,9552,40,20,15,0,0
p30,9553,40,20,16,0,0
p30,9557,40,20,14,0,0
p30,9563,40,20,16,0,0
p30,9565,40,20,17,0,0
p30,9567,40,20,18,0,0
p30,9568,40,20,18,0,0
p30,9571,40,20,19,0,0
p30,9572,40,20,16,0,0
p30,9573,40,20,13,0,0
p30,9575,40,20,14,0,0
p30,9577,40,20,13,0,0
p30,9579,40,20,14,0,0
p30,9585,40,20,15,0,0
p30,9586,40,20,15,0,0
p30,9590,40,20,16,0,0
p30,9593,40,20,17,0,0
p30,9596,40,20,18,0,0
p30,9602,31,11,12,7,7
p30,9603,28,8,12,6,5
p30,9604,25,5,7,9,7
p30,9605,23,3,5,11,7
p30,9606,20,0,5,14,7
p30,9607,20,0,2,14,7
p30,9608,20,0,1,14,7
p30,9609,20,0,1,11,10
p30,9610,20,0,0,5,5
p30,9611,20,0,0,4,4
p30,9612,20,0,0,1,1
p30,9617,20,0,0,0,0
p30,9783,19,0,0,1,1
p30,9784,19,0,0,1,1
p30,9795,18,0,0,2,1
p30,9796,18,0,0,2,2
p30,9808,17,0,0,3,3
p30,9836,16,0,0,4,3
p30,9838,16,0,0,4,4
p30,9845,15,0,0,5,5
p30,9853,15,0,0,5,5
p30,9854,15,0,0,5,5
p30,9859,14,0,0,6,6
p30,9860,14,0,0,6,5
p30,9861,14,0,0,6,7
p30,9862,14,0,0,6,7
p30,9864,14,0,0,6,7
p30,9865,14,0,0,6,7
p30,9869,13,0,0,7,8
p30,9874,12,0,0,8,8
p30,9875,12,0,0,8,9
p30,9876,12,0,0,8,8
p30,9877,11,0,0,9,10
p30,9878,11,0,0,9,10
p30,9879,11,0,0,9,10
p30,9893,10,0,0,10,10
p30,9894,10,0,0,10,11
p30,9899,10,0,0,10,11
p30,9907,9,0,0,11,12
p30,9909,9,0,0,11,12
p30,9911,9,0,0,11,12
p30,9919,9,0,0,11,12
p30,9942,9,0,0,11,12
p30,9945,9,0,0,11,12
p30,9954,9,0,0,11,11
p30,9955,9,0,0,11,12
p30,9960,8,0,0,12,12
p30,9961,7,0,0,13,12
p30,9964,7,0,0,13,14
p30,9966,6,0,0,14,15
p30,9972,4,0,0,16,15
p30,9974,4,0,0,16,17
p30,9976,4,0,0,16,17
p30,9978,3,0,0,17,17
p30,9983,3,0,0,17,18
p30,9996,3,0,0,17,18
p30,9997,2,0,0,18,18
p30,10002,2,0,0,18,19
p30,10008,2,0,0,18,18
p30,10009,2,0,0,18,19
p30,10015,1,0,0,19,19
p30,10017,1,0,0,19,20
p30,10028,0,0,0,20,20
p30,10029,0,0,0,20,21
p30,10115,0,0,0,20,21
p30,10200,40,20,0,20,21
p30,10203,40,20,0,18,18
p30,10204,40,20,0,14,14
p30,10205,40,20,0,12,12
p30,10206,40,20,0,10,10
p30,10207,40,20,0,7,7
p30,10208,40,20,0,3,4
p30,10209,40,20,0,1,1
p30,10210,40,20,0,0,1
p30,10212,40,20,1,0,1
p30,10215,40,20,1,0,1
p30,10216,40,20,1,0,1
p30,10219,40,20,0,0,1
p30,10398,40,20,1,0,1
p30,10429,40,20,2,0,1
p30,10431,40,20,1,0,1
p30,10454,40,20,2,0,1
p30,10461,40,20,1,0,1
p30,10470,40,20,2,0,1
p30,10471,40,20,1,0,1
p30,10472,40,20,1,0,1
p30,10475,40,20,1,0,1
p30,10485,40,20,2,0,1
p30,10488,40,20,3,0,1
p30,10489,40,20,4,0,1
p30,10490,40,20,3,0,1
p30,10492,40,20,2,0,1
p30,10498,40,20,3,0,1
p30,10499,40,20,2,0,1
p30,10506,40,20,2,0,1
p30,10510,40,20,1,0,1
p30,10519,40,20,2,0,1
p30,10520,40,20,3,0,1
p30,10522,40,20,6,0,1
p30,10527,40,20,7,0,1
p30,10528,40,20,6,0,1
p30,10530,40,20,7,0,1
p30,10531,40,20,6,0,1
p30,10535,40,20,7,0,1
p30,10536,40,20,8,0,1
p30,10537,40,20,8,0,1
p30,10538,40,20,9,0,1
p30,10542,40,20,9,0,1
p30,10545,40,20,10,0,1
p30,10546,40,20,12,0,1
p30,10548,40,20,13,0,1
p30,10551,40,20,12,0,1
p30,10558,40,20,12,0,1
p30,10559,40,20,11,0,1
p30,10563,40,20,12,0,1
p30,10573,40,20,13,0,1
p30,10577,40,20,13,0,1
p30,10578,40,20,14,0,1
p30,10579,40,20,15,0,1
p30,10580,40,20,14,0,1
p30,10593,40,20,15,0,1
p30,10597,40,20,17,0,1
p30,10598,40,20,18,0,1
p30,10610,40,20,17,0,1
p30,10612,40,20,18,0,1
p30,10628,40,20,19,0,1
p30,10635,40,20,18,0,1
p30,10637,40,20,19,0,1
p30,10648,40,20,20,0,1
p30,10656,40,20,19,0,1
p30,10657,40,20,18,0,1
p30,10662,40,20,16,0,1
p30,10667,40,20,15,0,1
p30,10670,40,20,17,0,1
p30,10679,40,20,14,0,1
p30,10680,40,20,15,0,1
p30,10688,40,20,13,0,1
p30,10689,40,20,14,0,1
p30,10691,40,20,13,0,1
p30,10696,40,20,14,0,1
p30,10707,40,20,16,0,1
p30,10708,40,20,17,0,1
p30,10709,40,20,19,0,1
p30,10719,40,20,18,0,1
p30,10733,40,20,19,0,1
p30,10745,40,20,20,0,1
p30,10796,40,20,19,0,1
p30,10797,40,20,18,0,1
p30,10802,40,20,6,0,1
p30,10803,38,18,6,2,2
p30,10804,34,14,6,6,2
p30,10805,32,12,6,8,2
p30,10806,30,10,6,10,2
p30,10807,27,7,2,13,2
p30,10808,25,5,1,15,7
p30,10809,22,2,1,14,11
p30,10810,20,0,0,10,10
p30,10811,20,0,0,8,8
p30,10812,20,0,0,8,9
p30,10813,20,0,0,5,6
p30,10814,20,0,0,2,3
p30,10823,20,0,0,0,1
p30,11007,19,0,0,1,2
p30,11013,19,0,0,1,2
p30,11127,18,0,0,2,3
p30,11128,18,0,0,2,3
p30,11134,17,0,0,3,4
p30,11135,17,0,0,3,4
p30,11137,17,0,0,3,4
p30,11138,15,0,0,5,6
p30,11145,15,0,0,5,6
p30,11148,15,0,0,5,6
p30,11149,15,0,0,5,6
p30,11152,14,0,0,6,7
p30,11153,14,0,0,6,7
p30,11154,14,0,0,6,7
p30,11161,13,0,0,7,7
p30,11164,13,0,0,7,8
p30,11165,13,0,0,7,7
p30,11166,13,0,0,7,8
p30,11168,13,0,0,7,8
p30,11169,11,0,0,9,10
p30,11170,11,0,0,9,10
p30,11177,9,0,0,11,10
p30,11181,9,0,0,11,12
p30,11185,8,0,0,12,12
p30,11186,8,0,0,12,13
p30,11187,8,0,0,12,13
p30,11190,8,0,0,12,13
p30,11196,7,0,0,13,13
p30,11198,6,0,0,14,15
p30,11199,6,0,0,14,15
p30,11200,6,0,0,14,15
p30,11201,5,0,0,15,16
p30,11203,4,0,0,16,17
p30,11204,4,0,0,16,17
p30,11207,4,0,0,16,17
p30,11221,3,0,0,17,17
p30,11223,3,0,0,17,18
p30,11225,2,0,0,18,19
p30,11226,2,0,0,18,19
p30,11228,2,0,0,18,19
p30,11234,1,0,0,19,19
p30,11236,1,0,0,19,20
p30,11280,0,0,0,20,21
p30,11369,0,0,0,20,20
p30,11371,0,0,0,20,21
p30,11400,40,20,0,20,21
p30,11403,40,20,0,20,20
p30,11404,40,20,0,19,19
p30,11405,40,20,0,18,18
p30,11406,40,20,0,17,17
p30,11407,40,20,0,15,15
p30,11408,40,20,0,11,12
p30,11409,40,20,0,9,9
p30,11410,40,20,0,6,7
p30,11411,40,20,0,3,3
p30,11412,40,20,0,2,3
p30,11417,40,20,2,0,1
p30,11419,40,20,3,0,1
p30,11421,40,20,5,0,1
p30,11423,40,20,4,0,1
p30,11425,40,20,5,0,1
p30,11428,40,20,3,0,1
p30,11433,40,20,2,0,1
p30,11434,40,20,1,0,1
p30,11435,40,20,0,0,1
p30,11452,40,20,0,0,1
p30,11524,40,20,1,0,1
p30,11525,40,20,0,0,1
p30,11604,40,20,0,0,1
p30,11622,40,20,1,0,1
p30,11648,40,20,2,0,1
p30,11649,40,20,1,0,1
p30,11660,40,20,1,0,1
p30,11673,40,20,1,0,1
p30,11692,40,20,2,0,1
p30,11693,40,20,1,0,1
p30,11716,40,20,1,0,1
p30,11721,40,20,2,0,1
p30,11722,40,20,1,0,1
p30,11723,40,20,1,0,1
p30,11740,40,20,2,0,1
p30,11741,40,20,1,0,1
p30,11755,40,20,1,0,1
p30,11773,40,20,2,0,1
p30,11774,40,20,3,0,1
p30,11776,40,20,3,0,1
p30,11779,40,20,2,0,1
p30,11781,40,20,2,0,1
p30,11782,40,20,4,0,1
p30,11783,40,20,3,0,1
p30,11805,40,20,4,0,1
p30,11807,40,20,5,0,1
p30,11809,40,20,6,0,1
p30,11810,40,20,7,0,1
p30,11811,40,20,9,0,1
p30,11812,40,20,8,0,1
p30,11816,40,20,10,0,1
p30,11817,40,20,11,0,1
p30,11818,40,20,12,0,1
p30,11819,40,20,11,0,1
p30,11826,40,20,10,0,1
p30,11829,40,20,11,0,1
p30,11833,40,20,12,0,1
p30,11836,40,20,12,0,1
p30,11838,40,20,13,0,1
p30,11843,40,20,12,0,1
p30,11844,40,20,13,0,1
p30,11845,40,20,12,0,1
p30,11868,40,20,13,0,1
p30,11875,40,20,14,0,1
p30,11876,40,20,13,0,1
p30,11907,40,20,14,0,1
p30,11945,40,20,16,0,1
p30,11947,40,20,15,0,1
p30,11949,40,20,16,0,1
p30,11951,40,20,17,0,1
p30,11953,40,20,16,0,1
p30,11954,40,20,15,0,1
p30,11961,40,20,14,0,1
p30,11968,40,20,15,0,1
p30,11970,40,20,14,0,1
p30,11976,40,20,15,0,1
p30,11983,40,20,16,0,1
p30,12002,40,20,14,0,1
p30,12003,40,20,11,0,1
p30,12004,39,19,11,1,2
p30,12005,38,18,5,2,3
p30,12006,37,17,4,3,4
p30,12007,35,15,4,4,5
p30,12008,32,12,4,7,5
p30,12009,29,9,4,10,5
p30,12010,26,6,4,13,5
p30,12011,23,3,3,16,5
p30,12012,20,0,0,19,5
p30,12013,20,0,0,19,6
p30,12014,20,0,0,16,17
p30,12015,20,0,0,14,15
p30,12016,20,0,1,11,12
p30,12017,20,0,1,10,11
p30,12018,20,0,1,8,9
p30,12019,20,0,1,7,8
p30,12020,20,0,1,6,6
p30,12021,20,0,1,5,6
p30,12023,20,0,1,4,5
p30,12025,20,0,1,3,4
p30,12026,20,0,1,2,2
p30,12027,20,0,1,1,2
p30,12031,20,0,0,1,2
p30,12036,20,0,0,0,1
p30,12232,19,0,0,1,1
p30,12233,19,0,0,1,2
p30,12235,19,0,0,1,1
p30,12236,19,0,0,1,2
p30,12396,18,0,0,2,3
p30,12397,18,0,0,2,2
p30,12398,18,0,0,2,3
p30,12399,17,0,0,3,4
p30,12402,16,0,0,4,5
p30,12403,16,0,0,4,5
p30,12404,15,0,0,5,6
p30,12408,14,0,0,6,6
p30,12411,14,0,0,6,7
p30,12412,13,0,0,7,7
p30,12413,13,0,0,7,8
p30,12414,13,0,0,7,8
p30,12419,12,0,0,8,9
p30,12441,11,0,0,9,10
p30,12442,11,0,0,9,10
p30,12446,10,0,0,10,11
p30,12448,10,0,0,10,11
p30,12468,9,0,0,11,11
p30,12469,9,0,0,11,12
p30,12470,8,0,0,12,13
p30,12504,7,0,0,13,13
p30,12505,7,0,0,13,14
p30,12524,7,0,0,13,13
p30,12526,7,0,0,13,12
p30,12528,7,0,0,13,11
p30,12533,7,0,0,13,14
p30,12543,6,0,0,14,15
p30,12547,5,0,0,15,16
p30,12564,4,0,0,16,17
p30,12573,3,0,0,17,18
p30,12578,1,0,0,19,19
p30,12579,1,0,0,19,20
p30,12600,13,0,0,19,20
p30,12601,32,12,0,19,20
p30,12602,41,21,0,19,20
p30,12607,40,20,0,20,21
p30,12618,40,20,0,19,19
p30,12619,40,20,0,15,16
p30,12620,40,20,0,14,15
p30,12621,40,20,0,13,14
p30,12623,40,20,0,12,12
p30,12624,40,20,0,9,9
p30,12625,40,20,0,8,9
p30,12628,40,20,0,7,8
p30,12629,40,20,0,6,7
p30,12630,40,20,0,5,5
p30,12631,40,20,0,4,5
p30,12632,40,20,0,3,4
p30,12633,40,20,0,2,3
p30,12637,40,20,0,0,1
p30,12644,40,20,1,0,1
p30,12647,40,20,0,0,1
p30,12660,40,20,1,0,1
p30,12664,40,20,0,0,1
p30,12694,40,20,0,0,1
p30,12772,40,20,1,0,1
p30,12773,40,20,0,0,1
p30,12795,40,20,1,0,1
p30,12796,40,20,0,0,1
p30,12817,40,20,0,0,1
p30,12844,40,20,1,0,1
p30,12845,40,20,0,0,1
p30,12865,40,20,1,0,1
p30,12871,40,20,2,0,1
p30,12873,40,20,1,0,1
p30,12886,40,20,0,0,1
p30,12893,40,20,1,0,1
p30,12895,40,20,0,0,1
p30,12940,40,20,1,0,1
p30,12946,40,20,0,0,1
p30,12950,40,20,0,0,1
p30,12978,40,20,1,0,1
p30,12979,40,20,0,0,1
p30,13015,40,20,1,0,1
p30,13032,40,20,3,0,1
p30,13037,40,20,4,0,1
p30,13058,40,20,5,0,1
p30,13083,40,20,7,0,1
p30,13090,40,20,6,0,1
p30,13105,40,20,7,0,1
p30,13108,40,20,8,0,1
p30,13109,40,20,9,0,1
p30,13110,40,20,10,0,1
p30,13112,40,20,9,0,1
p30,13148,40,20,10,0,1
p30,13165,40,20,11,0,1
p30,13206,40,20,10,0,1
p30,13207,40,20,9,0,1
p30,13209,40,20,7,0,1
p30,13213,40,20,7,0,1
p30,13214,40,20,5,0,1
p30,13215,40,20,3,0,1
p30,13216,40,20,1,0,1
p30,13219,36,16,1,4,1
p30,13220,34,14,0,6,1
p30,13221,33,13,0,7,1
p30,13222,33,13,0,7,5
p30,13223,30,10,0,10,10
p30,13224,29,9,0,11,12
p30,13225,28,8,1,12,13
p30,13226,28,8,0,12,13
p30,13228,28,8,1,12,13
p30,13229,26,6,1,14,15
p30,13230,25,5,2,15,16
p30,13231,24,4,2,16,17
p30,13232,24,4,2,16,17
p30,13233,21,1,2,19,20
p30,13234,20,0,2,20,21
p30,13235,20,0,2,18,19
p30,13236,20,0,1,16,17
p30,13237,20,0,1,14,15
p30,13239,20,0,1,13,14
p30,13240,20,0,0,11,12
p30,13241,20,0,0,10,11
p30,13242,20,0,0,9,10
p30,13244,20,0,0,8,9
p30,13245,20,0,0,7,7
p30,13246,20,0,0,5,6
p30,13262,20,0,0,4,5
p30,13263,20,0,0,3,4
p30,13264,20,0,0,2,3
p30,13265,20,0,0,1,2
p30,13266,20,0,0,1,2
p30,13271,20,0,0,0,1
p30,13645,19,0,0,1,2
p30,13647,19,0,0,1,2
p30,13652,17,0,0,3,4
p30,13664,16,0,0,4,5
p30,13670,16,0,0,4,4
p30,13671,16,0,0,4,5
p30,13672,16,0,0,4,5
p30,13689,15,0,0,5,6
p30,13702,15,0,0,5,6
p30,13721,14,0,0,6,7
p30,13728,14,0,0,6,7
p30,13729,13,0,0,7,8
p30,13730,12,0,0,8,8
p30,13731,12,0,0,8,9
p30,13737,12,0,0,8,9
p30,13738,11,0,0,9,10
p30,13762,10,0,0,10,11
p30,13772,10,0,0,10,11
p30,13795,9,0,0,11,12
p30,13800,27,7,0,11,12
p30,13801,49,29,0,11,12
p30,13813,49,29,0,10,11
p30,13814,49,29,0,5,6
p30,13815,49,29,0,2,3
p30,13816,49,29,0,1,1
p30,13817,49,29,0,0,1
p30,13821,48,28,0,1,2
p30,13822,48,28,0,0,1
p30,13831,48,28,2,0,1
p30,13833,48,28,3,0,1
p30,13837,46,26,4,1,2
p30,13838,46,26,5,0,1
p30,13839,46,26,3,0,1
p30,13841,46,26,4,0,1
p30,13843,46,26,5,0,1
p30,13844,46,26,4,0,1
p30,13845,45,25,4,1,2
p30,13848,45,25,3,1,2
p30,13849,45,25,4,1,2
p30,13850,45,25,4,0,1
p30,13854,45,25,2,0,1
p30,13855,44,24,3,1,1
p30,13856,44,24,2,1,1
p30,13857,43,23,2,2,1
p30,13859,42,22,2,3,1
p30,13860,41,21,2,4,1
p30,13861,40,20,2,5,1
p30,13862,40,20,1,3,4
p30,13864,40,20,1,1,2
p30,13865,40,20,1,0,1
p30,13868,40,20,0,0,1
p30,13947,40,20,0,0,1
p30,14047,40,20,0,0,1
p30,14053,40,20,0,0,1
p30,14084,40,20,1,0,1
p30,14086,40,20,2,0,1
p30,14089,40,20,1,0,1
p30,14094,40,20,0,0,1
p30,14098,40,20,1,0,1
p30,14099,40,20,0,0,1
p30,14152,40,20,1,0,1
p30,14154,40,20,0,0,1
p30,14195,40,20,1,0,1
p30,14196,40,20,0,0,1
p30,14221,40,20,1,0,1
p30,14231,40,20,0,0,1
p30,14236,40,20,1,0,1
p30,14237,40,20,0,0,1
p30,14274,40,20,1,0,1
p30,14275,40,20,0,0,1
p30,14285,40,20,1,0,1
p30,14287,40,20,2,0,1
p30,14288,40,20,3,0,1
p30,14308,40,20,4,0,1
p30,14334,40,20,5,0,1
p30,14349,40,20,6,0,1
p30,14351,40,20,5,0,1
p30,14358,40,20,6,0,1
p30,14359,40,20,7,0,1
p30,14366,40,20,6,0,1
p30,14385,40,20,7,0,1
p30,14386,40,20,8,0,1
p30,14387,40,20,9,0,1
p30,14391,40,20,10,0,1
p30,14392,40,20,9,0,1
p30,14394,40,20,8,0,1
p30,14397,40,20,7,0,1
p30,14404,40,20,5,0,1
p30,14405,40,20,2,0,1
p30,14406,40,20,2,0,1
p30,14407,40,20,1,0,1
p30,14413,39,19,0,1,1
p30,14414,37,17,0,3,4
p30,14415,31,11,0,8,9
p30,14416,30,10,0,8,9
p30,14417,29,9,0,9,10
p30,14419,29,9,0,9,9
p30,14420,29,9,0,8,9
p30,14421,29,9,0,7,8
p30,14422,28,8,0,8,9
p30,14423,28,8,0,8,8
p30,14424,28,8,0,7,8
p30,14426,28,8,1,7,8
p30,14427,28,8,0,7,8
p30,14428,28,8,0,5,6
p30,14430,28,8,0,4,5
p30,14431,28,8,0,1,2
p30,14432,28,8,0,0,1
p30,14438,26,6,0,2,3
p30,14441,26,6,1,2,3
p30,14442,25,5,1,3,4
p30,14449,24,4,1,4,4
p30,14451,23,3,1,5,6
p30,14453,21,1,1,7,8
p30,14455,21,1,1,6,7
p30,14461,20,0,1,7,8
p30,14470,20,0,0,7,8
p30,14471,20,0,1,7,8
p30,14475,20,0,2,7,8
p30,14484,20,0,2,7,8
p30,14485,20,0,2,6,7
p30,14487,20,0,0,6,7
p30,14504,20,0,0,6,6
p30,14505,20,0,0,5,6
p30,14507,20,0,0,4,5
p30,14508,20,0,0,3,4
p30,14509,20,0,0,1,2
p30,14512,20,0,0,1,1
p30,14513,20,0,0,0,1
p30,14907,19,0,0,1,1
p30,14908,19,0,0,1,2
p30,14912,18,0,0,2,3
p30,14924,17,0,0,3,3
p30,14932,17,0,0,3,4
p30,14936,17,0,0,3,4
p30,14961,16,0,0,4,5
p30,14969,15,0,0,5,6
p30,14976,15,0,0,5,6
p30,14977,15,0,0,5,6
p30,14986,14,0,0,6,7
p30,14991,13,0,0,7,8
p30,15000,42,22,0,7,8
p30,15001,53,33,0,7,8
p30,15003,53,33,0,7,7
p30,15005,53,33,0,7,6
p30,15006,53,33,0,3,4
p30,15007,53,33,0,1,1
p30,15008,53,33,0,0,1
p30,15009,52,32,0,0,1
p30,15011,51,31,0,1,2
p30,15012,50,30,0,1,1
p30,15013,50,30,0,0,1
p30,15014,49,29,0,1,2
p30,15015,49,29,0,0,1
p30,15023,49,29,1,0,1
p30,15024,49,29,2,0,1
p30,15026,48,28,2,1,2
p30,15027,48,28,2,0,1
p30,15028,47,27,2,1,2
p30,15029,47,27,2,0,1
p30,15035,47,27,1,0,1
p30,15040,46,26,1,0,1
p30,15041,46,26,0,0,1
p30,15055,46,26,1,0,1
p30,15056,46,26,1,0,1
p30,15057,46,26,1,0,1
p30,15058,46,26,0,0,1
p30,15061,46,26,1,0,1
p30,15073,46,26,2,0,1
p30,15074,45,25,2,1,2
p30,15079,44,24,2,2,3
p30,15083,44,24,3,2,3
p30,15090,44,24,2,2,3
p30,15093,43,23,2,3,4
p30,15096,43,23,1,3,4
p30,15100,42,22,1,4,5
p30,15102,41,21,1,3,4
p30,15103,41,21,1,2,3
p30,15104,40,20,1,1,2
p30,15107,40,20,1,0,1
p30,15117,40,20,0,0,1
p30,15196,40,20,1,0,1
p30,15219,40,20,0,0,1
p30,15248,40,20,1,0,1
p30,15256,40,20,0,0,1
p30,15268,40,20,1,0,1
p30,15269,40,20,0,0,1
p30,15557,40,20,0,0,1
p30,15561,40,20,0,0,1
p30,15569,40,20,1,0,1
p30,15576,40,20,2,0,1
p30,15592,40,20,3,0,1
p30,15593,40,20,4,0,1
p30,15594,40,20,3,0,1
p30,15596,40,20,2,0,1
p30,15597,40,20,3,0,1
p30,15598,40,20,3,0,1
p30,15600,40,20,2,0,1
p30,15606,37,17,2,3,4
p30,15607,34,14,2,5,6
p30,15608,33,13,2,6,7
p30,15609,32,12,2,7,7
p30,15610,32,12,2,6,7
p30,15612,31,11,2,5,6
p30,15613,30,10,2,6,7
p30,15615,29,9,2,7,8
p30,15619,29,9,2,7,8
p30,15621,29,9,2,6,7
p30,15622,29,9,2,4,5
p30,15627,28,8,2,5,5
p30,15628,28,8,4,5,5
p30,15629,27,7,4,6,5
p30,15630,27,7,1,6,5
p30,15631,27,7,0,6,7
p30,15634,27,7,0,6,7
p30,15640,26,6,0,7,8
p30,15641,26,6,0,6,7
p30,15643,26,6,0,5,6
p30,15646,26,6,0,3,4
p30,15650,26,6,0,2,3
p30,15655,26,6,0,1,2
p30,15658,26,6,0,0,1
p30,15684,25,5,0,1,2
p30,15692,25,5,0,1,2
p30,15694,25,5,0,0,1
p30,15697,24,4,0,1,2
p30,15698,24,4,0,0,1
p30,15702,23,3,0,1,2
p30,15703,22,2,0,1,2
p30,15704,21,1,0,2,3
p30,15707,20,0,0,3,4
p30,15717,20,0,0,3,4
p30,15730,20,0,0,3,3
p30,15731,20,0,0,3,2
p30,15737,20,0,0,3,4
p30,15751,20,0,0,2,3
p30,15768,20,0,0,1,2
p30,15769,20,0,0,0,1
p30,16190,19,0,0,1,2
p30,16199,18,0,0,2,3
p30,16200,37,17,0,2,3
p30,16201,58,38,0,2,3
p30,16205,58,38,0,2,3
p30,16206,57,37,0,3,4
p30,16207,57,37,0,3,4
p30,16209,57,37,0,3,4
p30,16210,56,36,0,4,5
p30,16211,56,36,0,4,5
p30,16212,54,34,0,6,7
p30,16221,53,33,0,7,8
p30,16222,51,31,0,9,10
p30,16234,51,31,0,6,7
p30,16235,51,31,0,4,4
p30,16236,50,30,0,1,2
p30,16237,50,30,0,0,1
p30,16241,49,29,0,1,2
p30,16243,48,28,0,1,2
p30,16244,48,28,0,0,1
p30,16246,47,27,0,1,2
p30,16248,47,27,0,0,1
p30,16253,46,26,0,1,2
p30,16254,46,26,0,0,1
p30,16259,45,25,0,0,1
p30,16280,45,25,1,0,1
p30,16282,45,25,2,0,1
p30,16286,45,25,1,0,1
p30,16288,45,25,0,0,1
p30,16293,44,24,0,1,2
p30,16294,44,24,0,0,1
p30,16300,43,23,0,1,2
p30,16301,43,23,0,0,1
p30,16315,42,22,0,1,2
p30,16327,41,21,0,2,3
p30,16337,41,21,0,2,3
p30,16343,41,21,0,2,2
p30,16346,41,21,1,2,2
p30,16347,41,21,0,2,1
p30,16348,41,21,1,2,1
p30,16350,41,21,1,2,3
p30,16352,41,21,1,1,2
p30,16353,41,21,0,0,1
p30,16368,40,20,0,1,2
p30,16369,40,20,0,0,1
p30,16488,40,20,0,0,1
p30,16489,40,20,1,0,1
p30,16491,40,20,0,0,1
p30,16579,40,20,0,0,1
p30,16630,40,20,1,0,1
p30,16631,40,20,0,0,1
p30,16764,40,20,0,0,1
p30,16786,40,20,1,0,1
p30,16787,40,20,0,0,1
p30,16790,40,20,1,0,1
p30,16794,40,20,0,0,1
p30,16797,40,20,1,0,1
p30,16799,40,20,1,0,1
p30,16811,40,20,0,0,1
p30,16825,40,20,1,0,1
p30,16826,40,20,0,0,1
p30,16834,37,17,0,3,4
p30,16835,33,13,0,7,7
p30,16836,32,12,0,8,8
p30,16837,30,10,0,10,11
p30,16838,30,10,0,10,11
p30,16841,30,10,0,10,11
p30,16843,29,9,0,10,11
p30,16844,29,9,0,10,11
p30,16845,28,8,0,11,11
p30,16848,27,7,0,12,11
p30,16850,27,7,0,12,13
p30,16851,27,7,0,12,13
p30,16853,27,7,0,12,13
p30,16854,26,6,0,13,14
p30,16855,26,6,0,12,13
p30,16859,25,5,0,13,13
p30,16860,25,5,0,13,14
p30,16863,25,5,0,13,14
p30,16866,25,5,0,12,13
p30,16867,25,5,0,11,12
p30,16868,25,5,0,10,11
p30,16872,25,5,0,9,10
p30,16875,25,5,0,8,9
p30,16876,25,5,0,7,8
p30,16880,25,5,0,6,7
p30,16881,25,5,1,6,7
p30,16884,25,5,1,5,6
p30,16885,25,5,1,4,5
p30,16887,25,5,1,3,4
p30,16888,25,5,2,3,4
p30,16892,25,5,2,2,3
p30,16894,24,4,2,3,4
p30,16895,24,4,2,2,3
p30,16897,24,4,2,1,2
p30,16901,23,3,1,2,3
p30,16903,23,3,1,2,2
p30,16904,23,3,1,1,2
p30,16908,23,3,0,1,2
p30,16916,23,3,0,0,1
p30,16952,22,2,0,1,2
p30,16953,21,1,0,2,3
p30,16954,21,1,1,2,3
p30,16958,21,1,0,2,3
p30,16969,20,0,0,3,3
p30,16977,20,0,0,3,1
p30,16980,20,0,0,3,4
p30,16988,20,0,0,3,3
p30,16989,20,0,0,2,3
p30,17006,20,0,0,2,3
p30,17008,20,0,0,1,2
p30,17075,20,0,0,0,1
p30,17400,38,18,0,0,1
p30,17401,60,40,0,0,1
p30,17432,59,39,0,1,2
p30,17434,59,39,0,0,1
p30,17449,59,39,0,0,1
p30,17450,59,39,1,0,1
p30,17453,58,38,1,1,2
p30,17454,57,37,1,1,1
p30,17455,57,37,1,1,2
p30,17456,57,37,0,1,2
p30,17457,57,37,0,0,1
p30,17461,57,37,1,0,1
p30,17462,57,37,0,0,1
p30,17463,56,36,0,1,2
p30,17464,56,36,0,0,1
p30,17467,54,34,0,2,1
p30,17468,54,34,0,1,2
p30,17470,54,34,0,1,2
p30,17471,54,34,1,1,2
p30,17474,53,33,1,1,2
p30,17476,52,32,1,1,2
p30,17480,51,31,1,1,2
p30,17482,51,31,1,0,1
p30,17484,50,30,1,1,2
p30,17485,49,29,1,1,2
p30,17487,48,28,1,2,3
p30,17488,48,28,1,1,2
p30,17489,48,28,1,0,1
p30,17492,47,27,1,1,1
p30,17493,47,27,2,1,1
p30,17495,46,26,2,2,1
p30,17496,45,25,2,3,1
p30,17498,45,25,3,3,1
p30,17502,45,25,4,3,1
p30,17503,43,23,4,5,1
p30,17514,43,23,3,2,3
p30,17515,43,23,3,0,1
p30,17523,43,23,2,0,1
p30,17524,43,23,1,0,1
p30,17526,43,23,0,0,1
p30,17585,42,22,0,1,2
p30,17586,42,22,0,0,1
p30,17605,41,21,0,0,1
p30,17610,41,21,0,0,1
p30,17626,41,21,1,0,1
p30,17627,41,21,0,0,1
p30,17648,40,20,0,1,2
p30,17650,40,20,0,0,1
p30,17684,40,20,1,0,1
p30,17686,40,20,0,0,1
p30,17693,40,20,0,0,1
p30,17825,40,20,1,0,1
p30,17826,40,20,0,0,1
p30,17905,40,20,1,0,1
p30,17961,40,20,2,0,1
p30,17962,40,20,1,0,1
p30,17997,40,20,1,0,1
p30,18003,40,20,2,0,1
p30,18006,40,20,1,0,1
p30,18015,40,20,2,0,1
p30,18023,40,20,1,0,1
p30,18024,40,20,0,0,1
p30,18032,40,20,0,0,1
p30,18034,39,19,0,1,2
p30,18035,39,19,0,1,2
p30,18038,39,19,1,1,2
p30,18039,39,19,0,1,2
p30,18040,39,19,0,1,2
p30,18047,39,19,0,0,1
p30,18050,39,19,0,0,1
p30,18051,39,19,0,0,1
p30,18054,38,18,0,1,1
p30,18057,37,17,0,2,1
p30,18064,36,16,0,3,1
p30,18068,35,15,0,4,1
p30,18074,34,14,0,5,1
p30,18077,33,13,0,6,1
p30,18078,33,13,0,6,1
p30,18080,32,12,0,7,1
p30,18081,32,12,0,7,8
p30,18082,31,11,0,7,8
p30,18084,31,11,0,7,7
p30,18085,30,10,0,7,7
p30,18086,30,10,0,7,8
p30,18088,29,9,0,7,8
p30,18089,28,8,0,8,9
p30,18095,28,8,0,8,8
p30,18096,28,8,0,7,8
p30,18099,28,8,0,7,8
p30,18100,28,8,0,6,7
p30,18102,28,8,0,5,6
p30,18103,28,8,0,4,5
p30,18109,27,7,0,5,6
p30,18114,25,5,0,7,8
p30,18115,23,3,0,6,7
p30,18116,23,3,0,5,6
p30,18117,23,3,0,3,4
p30,18118,23,3,0,2,3
p30,18120,23,3,0,2,3
p30,18121,23,3,0,1,2
p30,18124,23,3,0,0,1
p30,18187,22,2,0,1,2
p30,18205,21,1,0,2,2
p30,18228,21,1,0,2,3
p30,18250,20,0,0,3,4
p30,18261,20,0,0,2,3
p30,18268,20,0,0,2,3
p30,18275,20,0,0,2,3
p30,18282,20,0,0,1,2
p30,18331,20,0,0,0,1
p30,18564,19,0,0,1,1
p30,18572,19,0,0,1,2
p30,18575,19,0,0,1,2
p30,18600,45,25,0,1,2
p30,18601,59,39,0,1,2
p30,18640,59,39,0,0,1
p30,18647,58,38,0,1,2
p30,18648,58,38,0,0,1
p30,18652,58,38,1,0,1
p30,18653,58,38,0,0,1
p30,18663,57,37,0,1,1
p30,18664,57,37,0,0,1
p30,18669,57,37,1,0,1
p30,18673,56,36,0,1,1
p30,18674,56,36,0,1,2
p30,18675,56,36,0,0,1
p30,18682,55,35,0,0,1
p30,18688,54,34,0,1,2
p30,18690,54,34,0,1,1
p30,18691,54,34,0,0,1
p30,18692,53,33,0,1,2
p30,18693,53,33,0,0,1
p30,18696,52,32,0,1,2
p30,18700,50,30,0,3,4
p30,18702,49,29,0,3,4
p30,18703,49,29,0,3,3
p30,18704,49,29,0,2,3
p30,18707,48,28,0,3,4
p30,18708,48,28,0,1,2
p30,18711,48,28,0,0,1
p30,18715,46,26,0,2,1
p30,18716,45,25,0,3,1
p30,18721,44,24,0,4,1
p30,18723,43,23,0,5,1
p30,18731,43,23,1,5,1
p30,18733,43,23,0,5,1
p30,18739,43,23,0,0,1
p30,18756,43,23,1,0,1
p30,18757,43,23,0,0,1
p30,18805,43,23,1,0,1
p30,18822,43,23,0,0,1
p30,18861,42,22,0,1,2
p30,18862,42,22,0,1,2
p30,18880,41,21,0,2,2
p30,18888,41,21,0,2,1
p30,18890,41,21,0,2,3
p30,18891,41,21,0,0,1
p30,18931,40,20,1,1,2
p30,18932,40,20,1,0,1
p30,18933,40,20,0,0,1
p30,18983,40,20,0,0,1
p30,18989,40,20,1,0,1
p30,19005,40,20,0,0,1
p30,19013,40,20,0,0,1
p30,19066,40,20,1,0,1
p30,19068,40,20,0,0,1
p30,19106,40,20,0,0,1
p30,19118,40,20,0,0,1
p30,19184,40,20,1,0,1
p30,19187,40,20,0,0,1
p30,19192,40,20,1,0,1
p30,19194,40,20,2,0,1
p30,19211,40,20,1,0,1
p30,19233,40,20,0,0,1
p30,19234,40,20,1,0,1
p30,19235,40,20,0,0,1
p30,19240,39,19,1,1,2
p30,19241,39,19,0,1,2
p30,19247,39,19,1,1,2
p30,19249,38,18,0,2,3
p30,19251,38,18,0,2,3
p30,19253,38,18,0,1,2
p30,19254,38,18,0,0,1
p30,19264,37,17,0,1,2
p30,19266,37,17,0,1,1
p30,19267,37,17,0,1,2
p30,19272,37,17,0,0,1
p30,19275,36,16,0,1,2
p30,19276,36,16,0,1,2
p30,19277,36,16,0,1,1
p30,19282,35,15,0,2,2
p30,19283,35,15,0,1,2
p30,19284,35,15,0,0,1
p30,19286,35,15,1,0,1
p30,19290,35,15,0,0,1
p30,19291,34,14,0,1,2
p30,19292,34,14,0,0,1
p30,19293,33,13,0,1,2
p30,19299,33,13,0,1,2
p30,19302,32,12,0,2,3
p30,19304,31,11,0,3,4
p30,19308,29,9,0,5,6
p30,19311,28,8,0,6,7
p30,19312,28,8,0,6,7
p30,19331,28,8,1,6,7
p30,19335,27,7,1,7,7
p30,19336,27,7,0,7,7
p30,19337,27,7,1,7,7
p30,19338,26,6,1,8,7
p30,19339,23,3,1,11,7
p30,19340,23,3,0,11,7
p30,19341,23,3,0,11,6
p30,19344,23,3,0,11,5
p30,19346,23,3,0,11,2
p30,19347,23,3,0,11,1
p30,19350,23,3,0,11,12
p30,19359,23,3,0,11,12
p30,19360,23,3,0,10,11
p30,19363,23,3,0,9,10
p30,19366,23,3,0,8,9
p30,19369,23,3,0,7,8
p30,19372,23,3,0,6,7
p30,19373,23,3,0,5,6
p30,19383,23,3,0,4,5
p30,19384,23,3,0,3,4
p30,19388,23,3,0,2,3
p30,19389,23,3,0,1,2
p30,19392,23,3,0,0,1
p30,19491,22,2,0,1,1
p30,19492,21,1,0,2,1
p30,19516,21,1,0,2,3
p30,19528,21,1,0,2,3
p30,19530,20,0,0,3,4
p30,19552,20,0,0,3,3
p30,19553,20,0,0,2,2
p30,19554,20,0,0,2,3
p30,19556,20,0,0,1,2
p30,19558,20,0,0,0,1
p30,19800,44,24,0,0,1
p30,19801,60,40,0,0,1
p30,19843,59,39,0,1,2
p30,19844,59,39,0,1,2
p30,19846,59,39,0,0,1
p30,19848,58,38,0,1,2
p30,19850,58,38,0,0,1
p30,19851,57,37,0,1,2
p30,19853,56,36,0,1,1
p30,19854,56,36,0,1,2
p30,19855,56,36,1,1,2
p30,19856,56,36,0,1,2
p30,19859,56,36,0,0,1
p30,19867,56,36,1,0,1
p30,19871,55,35,2,1,2
p30,19873,55,35,0,0,1
p30,19892,54,34,0,1,2
p30,19895,54,34,1,0,1
p30,19921,54,34,0,0,1
p30,19925,54,34,1,0,1
p30,19929,54,34,0,0,1
p30,19944,54,34,1,0,1
p30,19957,53,33,1,1,2
p30,19963,51,31,1,3,4
p30,19967,50,30,1,4,5
p30,19968,50,30,1,4,5
p30,19969,49,29,1,5,6
p30,19970,48,28,1,6,7
p30,19972,47,27,1,7,8
p30,19982,46,26,2,8,9
p30,19984,45,25,2,9,10
p30,19986,44,24,2,10,11
p30,19992,43,23,2,11,11
p30,20011,43,23,2,11,10
p30,20012,43,23,2,11,9
p30,20013,43,23,2,11,8
p30,20014,43,23,2,11,7
p30,20015,43,23,2,11,6
p30,20019,43,23,2,11,5
p30,20020,43,23,2,11,4
p30,20022,43,23,2,5,6
p30,20026,43,23,2,4,5
p30,20027,43,23,2,4,5
p30,20030,43,23,2,3,4
p30,20046,43,23,2,2,3
p30,20047,43,23,2,1,2
p30,20054,43,23,2,1,1
p30,20055,43,23,2,0,1
p30,20065,43,23,1,0,1
p30,20070,43,23,0,0,1
p30,20071,43,23,1,0,1
p30,20072,43,23,0,0,1
p30,20151,42,22,0,1,2
p30,20156,41,21,0,2,3
p30,20158,40,20,0,3,4
p30,20162,40,20,0,2,3
p30,20172,40,20,0,2,3
p30,20188,40,20,0,2,2
p30,20189,40,20,0,2,1
p30,20191,40,20,0,2,3
p30,20194,40,20,0,1,2
p30,20219,40,20,0,1,2
p30,20223,40,20,0,0,1
p30,20298,40,20,1,0,1
p30,20299,40,20,0,0,1
p30,20403,40,20,2,0,1
p30,20417,40,20,0,0,1
p30,20446,39,19,0,1,2
p30,20450,38,18,0,2,3
p30,20453,37,17,0,3,4
p30,20459,36,16,0,4,5
p30,20461,36,16,1,4,5
p30,20466,36,16,0,4,5
p30,20473,35,15,0,5,6
p30,20477,35,15,0,4,5
p30,20486,35,15,1,4,5
p30,20487,35,15,0,4,5
p30,20490,35,15,1,4,5
p30,20492,35,15,1,4,5
p30,20495,34,14,1,5,6
p30,20506,34,14,0,5,6
p30,20531,34,14,0,5,5
p30,20537,34,14,0,5,4
p30,20546,34,14,0,5,3
p30,20556,34,14,0,5,6
p30,20557,34,14,0,5,6
p30,20596,33,13,0,6,7
p30,20598,33,13,0,4,5
p30,20602,33,13,0,3,4
p30,20608,33,13,0,2,3
p30,20611,33,13,0,0,1
p30,20616,32,12,0,1,2
p30,20620,32,12,0,0,1
p30,20621,31,11,0,1,2
p30,20622,28,8,0,3,3
p30,20623,28,8,0,3,4
p30,20624,28,8,0,2,3
p30,20625,28,8,0,2,3
p30,20626,27,7,0,3,4
p30,20629,27,7,0,2,3
p30,20630,26,6,0,2,3
p30,20631,26,6,0,1,2
p30,20634,26,6,0,0,1
p30,20646,25,5,0,1,2
p30,20647,24,4,0,2,3
p30,20655,23,3,0,3,4
p30,20666,22,2,0,4,5
p30,20680,21,1,0,5,6
p30,20727,21,1,0,5,4
p30,20730,21,1,0,5,3
p30,20739,21,1,0,5,2
p30,20757,21,1,0,5,6
p30,20816,21,1,0,3,4
p30,20819,21,1,0,2,3
p30,20823,20,0,0,3,4
p30,20836,20,0,0,2,3
p30,20839,20,0,0,1,2
p30,20840,20,0,0,0,1
p30,21000,41,21,0,0,1
p30,21001,60,40,0,0,1
p30,21073,59,39,0,0,1
p30,21088,59,39,1,0,1
p30,21089,59,39,2,0,1
p30,21093,59,39,1,0,1
p30,21101,59,39,2,0,1
p30,21108,59,39,1,0,1
p30,21110,59,39,0,0,1
p30,21111,59,39,1,0,1
p30,21112,59,39,2,0,1
p30,21117,59,39,1,0,1
p30,21118,59,39,2,0,1
p30,21124,59,39,0,0,1
p30,21133,59,39,1,0,1
p30,21136,59,39,0,0,1
p30,21140,59,39,1,0,1
p30,21143,59,39,0,0,1
p30,21168,59,39,1,0,1
p30,21187,59,39,2,0,1
p30,21198,57,37,2,1,2
p30,21199,57,37,2,1,1
p30,21202,56,36,2,1,2
p30,21204,56,36,2,0,1
p30,21207,56,36,0,0,1
p30,21208,54,34,0,1,2
p30,21211,53,33,0,2,3
p30,21213,53,33,0,2,2
p30,21214,53,33,0,1,2
p30,21215,52,32,0,2,3
p30,21217,51,31,1,3,4
p30,21220,50,30,1,3,4
p30,21221,50,30,1,2,3
p30,21222,49,29,1,3,4
p30,21224,48,28,1,4,5
p30,21225,48,28,0,4,5
p30,21229,48,28,0,4,4
p30,21232,47,27,0,4,5
p30,21234,46,26,0,5,6
p30,21249,46,26,0,3,4
p30,21250,46,26,0,0,1
p30,21279,46,26,1,0,1
p30,21299,46,26,0,0,1
p30,21332,46,26,1,0,1
p30,21364,46,26,1,0,1
p30,21400,46,26,0,0,1
p30,21402,45,25,0,1,2
p30,21404,45,25,0,0,1
p30,21415,44,24,0,1,2
p30,21416,43,23,0,2,3
p30,21424,43,23,0,1,2
p30,21434,42,22,0,2,3
p30,21437,41,21,0,3,4
p30,21439,40,20,0,4,5
p30,21454,40,20,0,3,3
p30,21455,40,20,0,2,3
p30,21460,40,20,0,1,2
p30,21461,40,20,0,0,1
p30,21581,40,20,1,0,1
p30,21626,40,20,2,0,1
p30,21650,40,20,2,0,1
p30,21661,40,20,1,0,1
p30,21662,40,20,0,0,1
p30,21673,39,19,0,1,2
p30,21675,39,19,0,0,1
p30,21695,39,19,1,0,1
p30,21698,39,19,0,0,1
p30,21700,39,19,1,0,1
p30,21701,39,19,0,0,1
p30,21725,39,19,1,0,1
p30,21728,39,19,0,0,1
p30,21745,39,19,1,0,1
p30,21746,39,19,0,0,1
p30,21780,38,18,0,1,2
p30,21788,38,18,0,1,2
p30,21798,37,17,0,2,3
p30,21804,36,16,0,3,4
p30,21805,36,16,0,2,3
p30,21806,36,16,0,1,2
p30,21807,36,16,0,0,1
p30,21808,35,15,0,1,2
p30,21809,35,15,0,0,1
p30,21814,34,14,0,1,2
p30,21820,33,13,0,1,2
p30,21821,32,12,0,2,3
p30,21824,32,12,0,1,2
p30,21825,32,12,0,0,1
p30,21830,32,12,1,0,1
p30,21831,32,12,0,0,1
p30,21832,31,11,0,1,2
p30,21837,30,10,0,2,3
p30,21841,29,9,0,3,4
p30,21842,28,8,0,4,5
p30,21844,27,7,0,4,5
p30,21848,26,6,0,5,6
p30,21858,26,6,0,4,5
p30,21896,26,6,0,4,5
p30,21910,26,6,0,3,4
p30,21911,26,6,0,2,3
p30,21953,26,6,0,1,2
p30,21955,26,6,0,0,1
p30,21984,25,5,0,1,1
p30,22008,25,5,0,1,2
p30,22015,25,5,0,1,1
p30,22016,25,5,0,1,2
p30,22024,24,4,0,2,3
p30,22035,23,3,0,3,4
p30,22049,22,2,0,4,5
p30,22057,21,1,0,5,6
p30,22060,20,0,0,5,6
p30,22067,20,0,0,4,5
p30,22095,20,0,0,4,5
p30,22200,33,13,0,3,4
p30,22201,58,38,0,3,4
p30,22202,60,40,0,3,4
p30,22208,60,40,0,2,3
p30,22211,60,40,0,1,2
p30,22214,60,40,0,0,1
p30,22266,60,40,1,0,1
p30,22268,60,40,2,0,1
p30,22275,59,39,2,1,2
p30,22276,59,39,2,0,1
p30,22282,59,39,3,0,1
p30,22283,59,39,2,0,1
p30,22287,59,39,1,0,1
p30,22291,59,39,0,0,1
p30,22318,59,39,0,0,1
p30,22323,59,39,1,0,1
p30,22330,59,39,0,0,1
p30,22339,59,39,1,0,1
p30,22348,59,39,0,0,1
p30,22370,59,39,1,0,1
p30,22371,58,38,1,1,2
p30,22372,58,38,1,0,1
p30,22376,57,37,1,1,2
p30,22378,56,36,1,1,2
p30,22379,56,36,1,0,1
p30,22385,56,36,2,0,1
p30,22386,56,36,1,0,1
p30,22392,56,36,0,0,1
p30,22401,55,35,0,1,2
p30,22406,54,34,0,2,3
p30,22407,53,33,0,3,3
p30,22408,53,33,0,3,4
p30,22414,53,33,0,2,3
p30,22420,52,32,0,3,4
p30,22424,51,31,0,4,5
p30,22426,50,30,0,5,6
p30,22442,50,30,0,5,6
p30,22474,50,30,0,5,5
p30,22475,50,30,0,5,4
p30,22480,50,30,0,5,3
p30,22482,50,30,0,5,2
p30,22483,50,30,0,5,1
p30,22493,50,30,0,4,1
p30,22494,50,30,0,0,1
p30,22506,50,30,1,0,1
p30,22510,49,29,1,0,1
p30,22511,48,28,1,1,2
p30,22515,48,28,0,1,2
p30,22518,48,28,0,0,1
p30,22548,48,28,1,0,1
p30,22553,47,27,1,1,2
p30,22554,47,27,1,0,1
p30,22555,46,26,0,1,2
p30,22558,46,26,0,0,1
p30,22617,46,26,1,0,1
p30,22622,46,26,0,0,1
p30,22660,45,25,0,1,2
p30,22666,44,24,0,2,3
p30,22682,44,24,0,2,3
p30,22714,44,24,1,2,2
p30,22715,44,24,2,2,2
p30,22717,44,24,2,2,1
p30,22722,44,24,1,2,1
p30,22725,44,24,0,2,3
p30,22727,44,24,0,1,2
p30,22728,44,24,0,0,1
p30,22775,43,23,0,1,2
p30,22776,43,23,0,0,1
p30,22800,42,22,0,1,1
p30,22801,42,22,0,1,2
p30,22804,42,22,0,0,1
p30,22808,41,21,0,1,2
p30,22811,40,20,0,2,3
p30,22813,40,20,0,1,2
p30,22818,40,20,0,0,1
p30,22821,40,20,0,0,1
p30,22876,39,19,0,1,2
p30,22903,39,19,0,0,1
p30,22911,39,19,1,0,1
p30,22912,39,19,0,0,1
p30,22958,39,19,1,0,1
p30,22960,39,19,0,0,1
p30,22972,38,18,0,1,2
p30,22974,38,18,0,0,1
p30,22978,37,17,0,0,1
p30,22979,36,16,0,1,2
p30,22985,36,16,0,0,1
p30,23014,35,15,0,1,2
p30,23015,35,15,0,1,2
p30,23019,35,15,0,0,1
p30,23073,34,14,0,1,1
p30,23075,34,14,0,1,2
p30,23079,34,14,0,1,1
p30,23080,34,14,0,0,1
p30,23085,33,13,0,1,2
p30,23086,32,12,0,2,3
p30,23090,32,12,0,1,2
p30,23094,30,10,0,3,4
p30,23096,30,10,0,3,4
p30,23103,30,10,0,3,4
p30,23104,30,10,0,2,3
p30,23110,29,9,0,3,4
p30,23118,28,8,0,4,5
p30,23128,28,8,0,4,4
p30,23129,28,8,0,4,5
p30,23136,28,8,0,3,4
p30,23155,27,7,0,4,5
p30,23158,26,6,0,5,6
p30,23188,26,6,0,5,6
p30,23221,26,6,0,5,5
p30,23232,26,6,0,5,6
p30,23236,26,6,0,4,5
p30,23290,26,6,0,4,4
p30,23294,26,6,0,2,3
p30,23298,26,6,0,1,2
p30,23302,26,6,0,0,1
p30,23306,25,5,0,1,2
p30,23307,25,5,0,1,1
p30,23308,25,5,0,0,1
p30,23311,24,4,0,1,2
p30,23312,24,4,0,0,1
p30,23376,23,3,0,1,2
p30,23400,35,15,0,1,2
p30,23401,63,43,0,1,2
p30,23404,62,42,0,2,3
p30,23413,61,41,0,3,4
p30,23418,60,40,0,4,5
p30,23460,60,40,0,4,4
p30,23478,60,40,0,4,3
p30,23480,60,40,0,4,2
p30,23492,60,40,0,2,2
p30,23493,60,40,0,0,1
p30,23503,59,39,0,1,2
p30,23506,59,39,0,0,1
p30,23554,58,38,0,1,2
p30,23556,58,38,0,0,1
p30,23557,58,38,1,0,1
p30,23558,58,38,0,0,1
p30,23572,57,37,0,1,2
p30,23573,57,37,0,0,1
p30,23584,57,37,1,0,1
p30,23585,56,36,0,1,2
p30,23588,56,36,0,0,1
p30,23601,56,36,2,0,1
p30,23602,56,36,1,0,1
p30,23619,55,35,1,1,2
p30,23629,55,35,1,0,1
p30,23659,55,35,0,0,1
p30,23662,54,34,0,1,2
p30,23690,53,33,0,2,3
p30,23704,52,32,0,3,4
p30,23713,52,32,1,3,4
p30,23736,51,31,1,4,4
p30,23747,51,31,1,4,3
p30,23751,51,31,1,4,2
p30,23754,51,31,1,4,4
p30,23755,51,31,1,3,4
p30,23760,51,31,1,2,3
p30,23761,51,31,1,2,2
p30,23762,51,31,1,1,2
p30,23778,51,31,0,1,2
p30,23781,51,31,0,0,1
p30,23833,50,30,0,1,2
p30,23837,50,30,0,0,1
p30,23887,50,30,1,0,1
p30,23890,49,29,1,1,1
p30,23894,48,28,1,2,1
p30,23898,47,27,1,3,1
p30,23902,46,26,1,4,1
p30,23903,45,25,1,5,1
p30,23904,45,25,2,5,1
p30,23912,44,24,1,6,1
p30,23916,44,24,1,6,7
p30,23938,44,24,1,6,7
p30,23940,44,24,1,6,7
p30,23941,44,24,1,5,6
p30,23945,44,24,1,4,5
p30,23947,44,24,1,3,4
p30,23948,44,24,1,3,4
p30,23952,44,24,1,2,3
p30,23954,44,24,1,2,2
p30,23955,44,24,1,1,2
p30,23957,44,24,1,0,1
p30,23973,44,24,2,0,1
p30,24046,44,24,1,0,1
p30,24049,44,24,0,0,1
p30,24093,40,20,0,4,5
p30,24095,40,20,0,3,4
p30,24107,39,19,0,4,5
p30,24118,39,19,0,3,4
p30,24119,39,19,0,2,3
p30,24127,39,19,0,1,2
p30,24128,39,19,0,1,1
p30,24129,39,19,0,0,1
p30,24156,38,18,0,1,1
p30,24173,37,17,0,2,1
p30,24176,37,17,0,2,1
p30,24187,37,17,0,2,3
p30,24188,36,16,0,3,3
p30,24189,36,16,0,3,4
p30,24203,36,16,1,3,4
p30,24205,36,16,0,3,4
p30,24229,35,15,0,4,5
p30,24241,35,15,0,4,4
p30,24242,35,15,0,3,4
p30,24249,35,15,0,2,3
p30,24250,35,15,0,1,2
p30,24251,35,15,0,0,1
p30,24356,34,14,0,1,2
p30,24360,32,12,0,3,3
p30,24361,32,12,0,3,4
p30,24378,32,12,1,3,4
p30,24380,31,11,1,4,5
p30,24382,31,11,0,4,5
p30,24420,31,11,0,2,3
p30,24422,31,11,0,1,2
p30,24424,31,11,0,0,1
p30,24438,30,10,0,1,2
p30,24452,30,10,0,0,1
p30,24487,28,8,0,2,1
p30,24509,28,8,1,2,1
p30,24511,28,8,0,2,1
p30,24523,28,8,0,2,3
p30,24541,27,7,0,3,4
p30,24547,25,5,0,5,6
p30,24557,24,4,0,6,7
p30,24596,24,4,0,5,6
p30,24599,24,4,0,5,6
p30,24600,39,19,0,5,6
p30,24601,52,32,0,5,6
p30,24602,64,44,0,5,6
p30,24623,64,44,0,4,5
p30,24627,64,44,0,3,3
p30,24628,64,44,0,1,2
p30,24632,64,44,0,0,1
p30,24695,64,44,1,0,1
p30,24696,63,43,1,1,2
p30,24699,63,43,1,0,1
p30,24718,62,42,1,1,2
p30,24719,61,41,1,0,1
p30,24722,61,41,2,0,1
p30,24723,61,41,1,0,1
p30,24727,60,40,1,1,1
p30,24728,60,40,1,1,2
p30,24729,59,39,1,2,3
p30,24730,59,39,0,2,3
p30,24731,59,39,0,1,2
p30,24734,59,39,0,0,1
p30,24791,59,39,1,0,1
p30,24794,59,39,0,0,1
p30,24842,58,38,0,1,1
p30,24849,57,37,0,2,1
p30,24850,56,36,0,3,1
p30,24851,55,35,0,4,1
p30,24865,55,35,0,1,2
p30,24869,55,35,0,1,2
p30,24877,55,35,0,0,1
p30,24990,55,35,0,0,1
p30,25019,54,34,0,1,2
p30,25020,53,33,0,2,3
p30,25021,52,32,0,3,4
p30,25024,51,31,0,4,5
p30,25025,51,31,0,4,4
p30,25026,51,31,0,4,5
p30,25028,51,31,0,4,5
p30,25029,51,31,0,4,5
p30,25032,51,31,0,3,4
p30,25034,50,30,0,4,5
p30,25038,50,30,0,4,5
p30,25040,50,30,0,3,4
p30,25042,50,30,0,2,3
p30,25052,49,29,0,3,4
p30,25059,49,29,0,3,4
p30,25060,49,29,0,2,3
p30,25068,49,29,0,2,2
p30,25069,49,29,0,0,1
p30,25074,49,29,1,0,1
p30,25075,49,29,0,0,1
p30,25146,49,29,1,0,1
p30,25157,48,28,1,1,2
p30,25158,48,28,1,0,1
p30,25170,48,28,0,0,1
p30,25190,48,28,1,0,1
p30,25222,48,28,0,0,1
p30,25223,47,27,0,1,2
p30,25227,46,26,0,2,3
p30,25228,44,24,0,4,5
p30,25231,44,24,0,3,4
p30,25233,44,24,0,2,2
p30,25234,44,24,0,1,2
p30,25239,44,24,0,0,1
p30,25299,43,23,0,1,2
p30,25309,43,23,0,0,1
p30,25310,43,23,1,0,1
p30,25311,43,23,0,0,1
p30,25314,43,23,0,0,1
p30,25319,42,22,0,1,2
p30,25320,41,21,0,2,3
p30,25325,41,21,0,1,2
p30,25327,41,21,0,1,1
p30,25328,41,21,0,1,2
p30,25331,40,20,0,2,3
p30,25333,40,20,1,2,3
p30,25334,39,19,1,3,4
p30,25337,39,19,2,3,4
p30,25338,39,19,1,3,4
p30,25366,39,19,0,3,4
p30,25385,39,19,0,2,3
p30,25413,39,19,0,2,2
p30,25416,39,19,0,2,1
p30,25418,39,19,1,2,1
p30,25420,39,19,0,2,1
p30,25439,39,19,0,2,3
p30,25449,39,19,0,1,2
p30,25451,39,19,0,0,1
p30,25458,38,18,0,1,2
p30,25462,37,17,0,2,3
p30,25463,37,17,0,1,2
p30,25465,36,16,0,2,3
p30,25466,36,16,0,1,2
p30,25470,36,16,0,0,1
p30,25477,35,15,0,1,1
p30,25478,35,15,0,0,1
p30,25490,35,15,1,0,1
p30,25495,35,15,2,0,1
p30,25502,35,15,1,0,1
p30,25525,35,15,0,0,1
p30,25632,34,14,0,1,2
p30,25640,33,13,0,2,3
p30,25642,32,12,0,3,4
p30,25646,32,12,0,2,3
p30,25647,32,12,0,0,1
p30,25660,31,11,0,1,1
p30,25661,31,11,0,1,2
p30,25662,31,11,0,0,1
p30,25669,29,9,0,2,3
p30,25670,29,9,0,1,2
p30,25673,29,9,0,1,2
p30,25723,29,9,0,1,1
p30,25724,29,9,0,0,1
p30,25750,29,9,1,0,1
p30,25751,29,9,0,0,1
p30,25758,28,8,0,1,1
p30,25792,28,8,0,1,2
p30,25800,46,26,0,1,2
p30,25801,68,48,0,1,2
p30,25807,68,48,0,0,1
p30,25831,67,47,0,1,2
p30,25832,67,47,0,1,1
p30,25833,66,46,0,2,3
p30,25834,65,45,0,3,3
p30,25835,65,45,0,2,3
p30,25839,64,44,0,3,4
p30,25846,64,44,0,3,4
p30,25848,64,44,1,3,4
p30,25849,64,44,0,3,4
p30,25853,64,44,0,2,3
p30,25864,64,44,1,2,3
p30,25868,64,44,0,2,3
p30,25909,63,43,0,3,4
p30,25910,63,43,0,2,3
p30,25923,63,43,0,1,2
p30,25925,62,42,0,2,3
p30,25983,61,41,0,3,4
p30,25985,61,41,0,2,3
p30,25992,61,41,0,1,2
p30,25993,61,41,0,0,1
p30,26048,60,40,0,1,2
p30,26049,60,40,0,0,1
p30,26050,59,39,0,1,2
p30,26053,59,39,0,0,1
p30,26055,58,38,0,1,2
p30,26062,58,38,0,0,1
p30,26063,57,37,0,1,2
p30,26066,56,36,0,2,3
p30,26070,55,35,0,3,4
p30,26074,55,35,0,2,3
p30,26076,55,35,0,2,2
p30,26077,55,35,0,0,1
p30,26102,55,35,1,0,1
p30,26105,55,35,0,0,1
p30,26129,55,35,1,0,1
p30,26136,55,35,0,0,1
p30,26212,54,34,0,1,2
p30,26215,53,33,0,2,3
p30,26216,53,33,0,1,2
p30,26222,53,33,0,1,1
p30,26223,53,33,0,0,1
p30,26229,52,32,0,1,2
p30,26230,52,32,0,0,1
p30,26246,51,31,0,1,2
p30,26251,51,31,0,0,1
p30,26270,50,30,0,0,1
p30,26324,49,29,0,1,1
p30,26336,49,29,0,1,2
p30,26349,49,29,0,0,1
p30,26351,49,29,1,0,1
p30,26352,49,29,0,0,1
p30,26363,49,29,1,0,1
p30,26369,49,29,0,0,1
p30,26407,48,28,0,1,2
p30,26432,48,28,0,0,1
p30,26434,47,27,0,1,2
p30,26436,47,27,0,0,1
p30,26452,46,26,0,1,2
p30,26457,46,26,0,0,1
p30,26472,46,26,1,0,1
p30,26485,46,26,2,0,1
p30,26495,45,25,2,1,1
p30,26502,45,25,3,1,1
p30,26508,45,25,3,1,1
p30,26510,44,24,3,2,1
p30,26519,44,24,3,2,3
p30,26523,44,24,3,2,3
p30,26526,44,24,3,2,3
p30,26534,44,24,3,2,2
p30,26535,44,24,3,0,1
p30,26549,44,24,2,0,1
p30,26550,44,24,1,0,1
p30,26551,44,24,0,0,1
p30,26553,44,24,0,0,1
p30,26572,44,24,0,0,1
p30,26585,43,23,0,0,1
p30,26592,42,22,0,1,2
p30,26593,41,21,0,2,3
p30,26608,41,21,0,2,3
p30,26622,41,21,0,1,2
p30,26623,41,21,0,1,1
p30,26624,41,21,0,0,1
p30,26640,41,21,0,0,1
p30,26649,40,20,0,1,2
p30,26653,39,19,0,2,2
p30,26662,38,18,0,3,2
p30,26665,38,18,0,3,2
p30,26666,38,18,1,3,2
p30,26669,38,18,0,3,2
p30,26674,37,17,0,4,2
p30,26677,35,15,0,6,2
p30,26709,35,15,0,6,1
p30,26711,35,15,0,6,7
p30,26727,35,15,0,5,6
p30,26728,35,15,0,5,5
p30,26729,35,15,0,4,5
p30,26730,35,15,0,3,4
p30,26738,35,15,0,2,3
p30,26742,35,15,0,1,2
p30,26743,35,15,0,0,1
p30,26747,35,15,0,0,1
p30,26816,34,14,0,1,2
p30,26818,34,14,0,0,1
p30,26823,33,13,0,1,2
p30,26824,33,13,0,1,2
p30,26826,33,13,0,1,1
p30,26827,33,13,0,0,1
p30,26830,32,12,0,1,2
p30,26839,32,12,0,0,1
p30,26851,31,11,0,1,1
p30,26871,30,10,0,2,1
p30,26896,30,10,0,2,3
p30,26928,30,10,0,2,2
p30,26929,30,10,0,1,2
p30,26931,30,10,0,1,2
p30,26932,30,10,0,0,1
p30,26949,29,9,0,0,1
p30,27000,45,25,0,0,1
p30,27001,68,48,0,0,1
p30,27002,69,49,0,0,1
p30,27032,68,48,0,1,1
p30,27036,67,47,0,2,1
p30,27057,66,46,0,3,1
p30,27080,66,46,1,3,1
p30,27081,66,46,0,3,1
p30,27082,66,46,0,3,1
p30,27087,66,46,0,0,1
p30,27118,66,46,1,0,1
p30,27129,65,45,1,1,2
p30,27130,64,44,1,2,3
p30,27133,64,44,1,1,2
p30,27135,64,44,1,0,1
p30,27161,64,44,0,0,1
p30,27177,64,44,1,0,1
p30,27184,64,44,0,0,1
p30,27185,63,43,0,1,2
p30,27186,63,43,0,1,1
p30,27187,63,43,0,0,1
p30,27206,63,43,1,0,1
p30,27216,63,43,2,0,1
p30,27219,63,43,0,0,1
p30,27222,63,43,0,0,2
p30,27223,62,42,0,0,1
p30,27224,61,41,0,1,2
p30,27246,60,40,0,2,2
p30,27278,59,39,0,3,2
p30,27279,59,39,0,3,1
p30,27280,59,39,0,3,4
p30,27287,59,39,0,2,3
p30,27290,59,39,0,1,2
p30,27295,59,39,0,0,1
p30,27329,58,38,0,1,2
p30,27330,57,37,0,2,3
p30,27332,57,37,0,1,2
p30,27333,57,37,0,0,1
p30,27338,56,36,0,1,2
p30,27339,56,36,0,0,1
p30,27341,55,35,0,1,2
p30,27343,55,35,0,0,1
p30,27357,55,35,0,0,1
p30,27418,54,34,0,1,1
p30,27419,54,34,1,1,1
p30,27427,53,33,1,2,1
p30,27433,53,33,2,2,1
p30,27434,53,33,1,2,1
p30,27439,52,32,1,3,1
p30,27444,52,32,2,3,1
p30,27445,52,32,1,3,1
p30,27472,52,32,1,3,4
p30,27489,52,32,0,3,4
p30,27490,52,32,0,2,3
p30,27492,52,32,0,1,2
p30,27497,52,32,0,0,1
p30,27513,52,32,0,0,1
p30,27529,51,31,0,1,2
p30,27532,50,30,0,2,3
p30,27535,50,30,0,0,1
p30,27541,49,29,0,1,2
p30,27542,49,29,0,1,2
p30,27544,49,29,0,0,1
p30,27553,49,29,1,0,1
p30,27555,49,29,0,0,1
p30,27565,49,29,0,0,1
p30,27579,49,29,1,0,1
p30,27580,49,29,0,0,1
p30,27581,49,29,1,0,1
p30,27648,49,29,0,0,1
p30,27676,49,29,0,0,1
p30,27687,48,28,0,1,1
p30,27688,46,26,0,3,4
p30,27691,46,26,0,1,2
p30,27695,46,26,0,0,1
p30,27733,45,25,0,1,1
p30,27735,44,24,0,0,1
p30,27740,44,24,1,0,1
p30,27755,44,24,3,0,1
p30,27756,44,24,3,0,1
p30,27757,44,24,2,0,1
p30,27775,44,24,1,0,1
p30,27780,43,23,1,1,2
p30,27781,43,23,1,1,2
p30,27785,43,23,1,0,1
p30,27787,42,22,1,0,1
p30,27793,42,22,1,0,1
p30,27798,42,22,0,0,1
p30,27887,41,21,0,1,2
p30,27890,40,20,0,2,3
p30,27894,40,20,0,2,3
p30,27895,39,19,0,3,4
p30,27899,39,19,0,2,3
p30,27901,39,19,0,2,3
p30,27904,39,19,0,1,2
p30,27907,39,19,0,0,1
p30,27932,38,18,0,1,1
p30,27933,37,17,0,2,3
p30,27938,37,17,0,0,1
p30,27939,36,16,0,1,2
p30,27943,35,15,0,2,3
p30,27945,35,15,0,0,1
p30,28089,35,15,1,0,1
p30,28090,34,14,1,1,2
p30,28092,33,13,1,2,2
p30,28093,33,13,1,2,3
p30,28097,32,12,1,3,4
p30,28103,32,12,0,3,4
p30,28112,32,12,0,3,4
p30,28120,32,12,0,2,3
p30,28121,32,12,0,1,2
p30,28130,32,12,0,0,1
p30,28135,30,10,0,2,3
p30,28137,30,10,0,2,3
p30,28144,29,9,0,3,4
p30,28155,29,9,0,2,3
p30,28157,29,9,0,2,2
p30,28158,29,9,0,1,2
p30,28160,29,9,0,0,1
p30,28200,48,28,0,0,1
p30,28201,69,49,0,0,1
p30,28220,69,49,1,0,1
p30,28223,69,49,0,0,1
p30,28250,69,49,1,0,1
p30,28251,69,49,0,0,1
p30,28291,67,47,0,2,2
p30,28292,67,47,0,2,3
p30,28293,67,47,0,2,2
p30,28294,67,47,0,1,2
p30,28295,66,46,0,2,3
p30,28298,66,46,0,1,2
p30,28300,66,46,0,0,1
p30,28322,65,45,0,1,2
p30,28325,65,45,0,0,1
p30,28327,64,44,0,1,2
p30,28328,64,44,0,0,1
p30,28385,63,43,0,0,1
p30,28387,62,42,0,1,2
p30,28390,62,42,0,0,1
p30,28432,62,42,1,0,1
p30,28456,62,42,0,0,1
p30,28499,61,41,0,1,2
p30,28500,61,41,0,1,2
p30,28502,60,40,0,2,3
p30,28507,59,39,0,3,4
p30,28511,59,39,0,2,3
p30,28518,58,38,0,3,4
p30,28519,58,38,0,2,3
p30,28520,58,38,0,1,2
p30,28523,58,38,0,0,1
p30,28535,57,37,0,0,1
p30,28539,56,36,0,1,2
p30,28540,56,36,0,0,1
p30,28544,56,36,1,0,1
p30,28545,55,35,1,1,2
p30,28546,55,35,1,0,1
p30,28556,55,35,0,0,1
p30,28613,55,35,1,0,1
p30,28616,55,35,0,0,1
p30,28628,55,35,1,0,1
p30,28629,55,35,0,0,1
p30,28664,54,34,0,1,1
p30,28668,54,34,1,1,1
p30,28669,54,34,0,1,1
p30,28677,54,34,1,1,1
p30,28678,54,34,0,1,1
p30,28691,54,34,0,0,1
p30,28699,54,34,1,0,1
p30,28700,54,34,2,0,1
p30,28701,54,34,1,0,1
p30,28703,54,34,0,0,1
p30,28715,54,34,1,0,1
p30,28720,53,33,1,1,2
p30,28726,53,33,1,0,1
p30,28729,52,32,1,1,2
p30,28741,52,32,1,0,1
p30,28754,51,31,1,1,2
p30,28758,50,30,1,1,2
p30,28759,49,29,1,2,3
p30,28768,49,29,1,1,2
p30,28769,49,29,1,0,1
p30,28837,49,29,2,0,1
p30,28843,49,29,1,0,1
p30,28856,49,29,2,0,1
p30,28857,49,29,3,0,1
p30,28858,49,29,3,0,1
p30,28859,49,29,0,0,1
p30,28894,48,28,0,1,1
p30,28898,47,27,0,2,1
p30,28900,46,26,0,3,1
p30,28903,46,26,0,3,4
p30,28911,46,26,0,2,2
p30,28912,46,26,0,1,2
p30,28925,45,25,0,2,3
p30,28928,44,24,0,3,4
p30,28960,44,24,0,3,3
p30,28961,44,24,0,2,3
p30,28964,44,24,0,1,2
p30,28967,44,24,0,0,1
p30,28978,44,24,1,0,1
p30,28979,44,24,0,0,1
p30,28986,43,23,0,1,2
p30,28988,43,23,0,0,1
p30,28990,42,22,0,1,2
p30,28993,42,22,0,0,1
p30,28999,42,22,1,0,1
p30,29000,42,22,0,0,1
p30,29035,42,22,0,0,1
p30,29041,42,22,2,0,1
p30,29052,42,22,1,0,1
p30,29092,42,22,0,0,1
p30,29111,41,21,0,1,1
p30,29117,41,21,1,1,1
p30,29119,40,20,0,2,1
p30,29120,39,19,0,3,1
p30,29123,38,18,0,4,1
p30,29124,38,18,0,4,5
p30,29135,37,17,0,5,6
p30,29140,36,16,0,6,7
p30,29147,35,15,0,7,8
p30,29167,35,15,1,7,8
p30,29169,35,15,0,7,8
p30,29187,35,15,0,6,7
p30,29203,35,15,0,4,5
p30,29205,35,15,0,3,4
p30,29210,35,15,0,2,3
p30,29219,35,15,0,1,2
p30,29226,35,15,0,0,1
p30,29279,34,14,0,1,2
p30,29280,34,14,1,0,1
p30,29282,34,14,0,0,1
p30,29326,33,13,0,1,1
p30,29341,32,12,0,2,1
p30,29352,32,12,0,2,3
p30,29358,31,11,0,3,4
p30,29365,30,10,0,4,5
p30,29368,29,9,0,5,6
p30,29400,54,34,0,5,6
p30,29401,69,49,0,5,6
p30,29461,69,49,0,4,5
p30,29464,69,49,0,3,4
p30,29465,69,49,0,3,4
p30,29467,69,49,0,2,3
p30,29474,69,49,0,2,3
p30,29478,69,49,1,1,2
p30,29480,69,49,0,1,2
p30,29484,69,49,0,0,1
p30,29495,68,48,0,1,2
p30,29503,68,48,0,1,1
p30,29504,68,48,0,0,1
p30,29511,66,46,0,2,2
p30,29512,66,46,0,1,2
p30,29519,66,46,0,1,2
p30,29522,66,46,0,0,1
p30,29525,65,45,0,1,2
p30,29561,64,44,0,2,2
p30,29565,63,43,0,3,2
p30,29591,63,43,0,3,4
p30,29592,62,42,0,4,5
p30,29595,62,42,0,4,4
p30,29599,62,42,0,2,3
p30,29600,62,42,0,1,2
p30,29601,62,42,0,0,1
p30,29681,61,41,0,1,2
p30,29690,61,41,1,1,2
p30,29691,61,41,1,0,1
p30,29702,61,41,0,0,1
p30,29776,60,40,0,1,1
p30,29801,59,39,0,2,1
p30,29802,58,38,0,3,1
p30,29804,57,37,0,4,1
p30,29807,56,36,0,5,1
p30,29814,56,36,0,5,2
p30,29815,56,36,0,5,6
p30,29819,55,35,0,6,6
p30,29820,55,35,0,6,7
p30,29828,55,35,0,5,6
p30,29830,55,35,0,4,5
p30,29840,55,35,0,3,4
p30,29843,55,35,1,3,4
p30,29848,55,35,1,2,3
p30,29850,55,35,1,0,1
p30,29852,55,35,0,0,1
p30,29880,54,34,0,1,1
p30,29881,54,34,0,0,1
p30,29918,54,34,1,0,1
p30,29925,54,34,0,0,1
p30,29998,53,33,0,1,1
p30,30032,53,33,0,1,2
p30,30055,52,32,0,2,3
p30,30057,51,31,0,3,4
p30,30061,50,30,0,4,5
p30,30071,50,30,0,3,4
p30,30076,49,29,0,4,5
p30,30079,49,29,0,3,4
p30,30080,48,28,0,4,5
p30,30081,48,28,0,4,4
p30,30082,48,28,0,3,4
p30,30087,48,28,0,1,2
p30,30092,48,28,0,0,1
p30,30098,47,27,0,1,2
p30,30108,47,27,0,0,1
p30,30117,46,26,0,1,2
p30,30118,46,26,0,1,1
p30,30119,46,26,0,0,1
p30,30134,46,26,0,0,1
p30,30182,46,26,1,0,1
p30,30187,46,26,0,0,1
p30,30195,45,25,0,1,1
p30,30196,45,25,0,1,1
p30,30199,44,24,0,2,1
p30,30200,43,23,0,3,1
p30,30201,42,22,0,4,1
p30,30260,42,22,0,4,3
p30,30261,42,22,0,4,5
p30,30264,42,22,0,4,4
p30,30265,42,22,0,4,5
p30,30279,42,22,0,4,4
p30,30280,42,22,0,4,5
p30,30292,41,21,0,5,6
p30,30293,41,21,0,5,6
p30,30298,41,21,1,5,6
p30,30306,41,21,1,5,6
p30,30320,41,21,1,5,6
p30,30338,41,21,1,4,5
p30,30355,41,21,1,4,4
p30,30356,41,21,1,3,3
p30,30357,41,21,1,2,2
p30,30358,41,21,1,1,2
p30,30362,41,21,2,1,1
p30,30363,41,21,2,0,1
p30,30365,41,21,1,0,1
p30,30367,41,21,0,0,1
p30,30428,40,20,0,1,2
p30,30429,40,20,0,0,1
p30,30430,39,19,0,1,2
p30,30433,39,19,0,1,2
p30,30436,39,19,0,0,1
p30,30440,38,18,0,1,1
p30,30449,37,17,0,2,1
p30,30450,35,15,0,4,1
p30,30457,35,15,0,4,1
p30,30481,34,14,0,5,1
p30,30502,34,14,0,5,6
p30,30558,34,14,0,5,6
p30,30592,34,14,0,5,6
p30,30598,34,14,0,4,5
p30,30600,52,32,0,4,5
p30,30601,74,54,0,4,5
p30,30606,74,54,0,3,4
p30,30621,74,54,0,2,3
p30,30622,74,54,0,0,1
p30,30671,73,53,0,1,2
p30,30679,72,52,0,2,2
p30,30682,71,51,0,3,2
p30,30687,69,49,0,5,2
p30,30690,69,49,1,5,2
p30,30692,68,48,1,6,2
p30,30694,68,48,0,6,2
p30,30708,67,47,0,7,2
p30,30712,66,46,0,8,2
p30,30742,66,46,1,8,2
p30,30743,66,46,1,8,1
p30,30744,66,46,0,8,1
p30,30747,66,46,0,3,4
p30,30752,66,46,0,2,3
p30,30754,66,46,0,1,2
p30,30757,66,46,0,0,1
p30,30795,66,46,0,0,1
p30,30798,66,46,1,0,1
p30,30811,66,46,0,0,1
p30,30838,66,46,1,0,1
p30,30839,66,46,0,0,1
p30,30875,66,46,1,0,1
p30,30878,66,46,0,0,1
p30,30895,66,46,1,0,1
p30,30938,65,45,1,1,1
p30,30944,65,45,0,1,1
p30,30956,63,43,0,3,1
p30,30958,61,41,0,5,1
p30,30988,61,41,1,5,6
p30,30993,61,41,2,5,6
p30,31002,61,41,2,4,5
p30,31003,61,41,1,3,4
p30,31006,61,41,1,3,3
p30,31009,61,41,2,2,3
p30,31011,61,41,2,2,2
p30,31012,61,41,2,1,2
p30,31021,61,41,2,0,1
p30,31027,61,41,1,0,1
p30,31029,60,40,1,1,2
p30,31031,60,40,0,1,2
p30,31033,60,40,0,0,1
p30,31036,59,39,0,1,2
p30,31042,59,39,0,0,1
p30,31044,59,39,1,0,1
p30,31046,59,39,0,0,1
p30,31047,59,39,1,0,1
p30,31072,59,39,1,0,1
p30,31110,59,39,1,0,1
p30,31127,59,39,0,0,1
p30,31183,59,39,0,0,1
p30,31197,58,38,0,1,1
p30,31206,57,37,0,2,1
p30,31219,56,36,0,3,1
p30,31221,56,36,0,3,1
p30,31222,54,34,0,5,1
p30,31231,54,34,0,5,6
p30,31232,54,34,1,5,6
p30,31256,54,34,0,5,6
p30,31265,54,34,0,4,5
p30,31269,54,34,0,3,4
p30,31278,54,34,0,2,3
p30,31280,54,34,0,1,2
p30,31295,54,34,1,1,2
p30,31299,54,34,1,0,1
p30,31347,50,30,1,4,5
p30,31348,49,29,1,5,6
p30,31349,49,29,1,5,5
p30,31350,49,29,1,4,5
p30,31352,48,28,0,5,6
p30,31354,47,27,0,6,7
p30,31357,46,26,0,7,8
p30,31361,46,26,0,6,7
p30,31363,46,26,0,5,6
p30,31364,46,26,0,4,5
p30,31366,46,26,0,3,4
p30,31367,46,26,0,3,3
p30,31368,46,26,0,0,1
p30,31402,46,26,0,0,1
p30,31416,46,26,1,0,1
p30,31425,46,26,0,0,1
p30,31537,46,26,0,0,1
p30,31602,45,25,0,1,2
p30,31603,44,24,0,2,3
p30,31605,44,24,0,1,2
p30,31606,43,23,0,2,3
p30,31607,43,23,0,1,2
p30,31608,43,23,0,0,1
p30,31612,42,22,0,1,1
p30,31613,42,22,0,0,1
p30,31621,41,21,0,1,2
p30,31624,41,21,0,0,1
p30,31633,40,20,0,1,2
p30,31642,39,19,0,2,3
p30,31643,39,19,0,1,2
p30,31645,39,19,0,0,1
p30,31693,39,19,1,0,1
p30,31694,39,19,0,0,1
p30,31720,39,19,0,0,1
p30,31800,55,35,0,0,1
p30,31801,79,59,0,0,1
p30,31834,78,58,0,1,2
p30,31852,78,58,0,0,1
p30,31865,77,57,0,1,1
p30,31866,77,57,0,1,2
p30,31872,77,57,1,1,2
p30,31877,77,57,1,0,1
p30,31879,76,56,1,1,2
p30,31880,75,55,1,2,3
p30,31881,75,55,1,2,3
p30,31883,75,55,1,1,2
p30,31884,75,55,0,1,2
p30,31885,75,55,0,0,1
p30,31899,74,54,0,1,1
p30,31922,74,54,0,1,1
p30,31943,73,53,0,2,1
p30,31947,72,52,0,3,1
p30,31950,71,51,0,4,1
p30,31956,71,51,1,4,1
p30,31957,71,51,1,4,1
p30,31958,71,51,0,4,1
p30,31961,70,50,0,5,1
p30,31964,69,49,0,6,1
p30,31966,67,47,0,8,1
p30,31968,66,46,0,9,1
p30,31973,66,46,0,8,2
p30,31974,66,46,0,5,6
p30,31978,66,46,0,4,5
p30,31982,66,46,0,4,4
p30,31983,66,46,0,4,5
p30,31988,66,46,0,3,4
p30,31999,66,46,0,2,3
p30,32000,66,46,0,1,2
p30,32008,66,46,0,0,1
p30,32025,66,46,1,0,1
p30,32026,66,46,0,0,1
p30,32058,66,46,1,0,1
p30,32074,66,46,0,0,1
p30,32099,66,46,1,0,1
p30,32107,66,46,0,0,1
p30,32127,66,46,1,0,1
p30,32130,66,46,0,0,1
p30,32135,65,45,0,1,2
p30,32136,65,45,0,0,1
p30,32149,65,45,0,0,1
p30,32193,64,44,0,1,1
p30,32207,63,43,0,2,1
p30,32208,62,42,0,3,1
p30,32210,61,41,0,4,1
p30,32217,61,41,1,4,1
p30,32221,61,41,1,4,5
p30,32243,60,40,1,5,6
p30,32245,59,39,1,6,7
p30,32252,59,39,2,6,7
p30,32255,59,39,1,6,7
p30,32256,59,39,1,5,6
p30,32257,59,39,2,5,6
p30,32278,59,39,2,4,5
p30,32284,59,39,2,3,4
p30,32290,59,39,3,3,4
p30,32291,59,39,3,2,3
p30,32292,59,39,2,2,3
p30,32294,59,39,2,1,2
p30,32295,59,39,1,1,2
p30,32296,59,39,0,1,2
p30,32300,59,39,0,0,1
p30,32371,59,39,1,0,1
p30,32373,59,39,0,0,1
p30,32398,58,38,0,1,2
p30,32436,57,37,0,2,2
p30,32452,56,36,0,3,2
p30,32454,56,36,0,3,2
p30,32460,56,36,0,3,2
p30,32470,56,36,0,3,1
p30,32471,56,36,0,3,4
p30,32473,56,36,0,3,4
p30,32474,55,35,0,4,5
p30,32521,55,35,0,3,4
p30,32528,55,35,0,2,3
p30,32556,55,35,1,2,3
p30,32558,55,35,1,2,2
p30,32559,55,35,0,1,2
p30,32561,55,35,0,0,1
p30,32568,55,35,1,0,1
p30,32572,55,35,0,0,1
p30,32574,51,31,0,4,5
p30,32577,51,31,0,3,4
p30,32578,50,30,0,4,5
p30,32579,50,30,0,4,5
p30,32582,50,30,0,2,3
p30,32583,50,30,0,2,3
p30,32585,50,30,0,1,2
p30,32588,49,29,0,2,3
p30,32589,49,29,0,1,2
p30,32592,49,29,0,0,1
p30,32599,48,28,0,1,2
p30,32600,47,27,0,2,3
p30,32605,47,27,0,1,2
p30,32608,46,26,0,2,3
p30,32613,46,26,0,1,2
p30,32616,46,26,0,0,1
p30,32702,46,26,1,0,1
p30,32715,46,26,2,0,1
p30,32724,46,26,1,0,1
p30,32734,46,26,2,0,1
p30,32736,45,25,2,1,1
p30,32737,45,25,1,1,1
p30,32741,45,25,1,1,2
p30,32765,45,25,0,1,2
p30,32800,45,25,1,1,2
p30,32801,45,25,0,1,2
p30,32814,45,25,1,1,2
p30,32815,45,25,0,1,2
p30,32838,45,25,0,0,1
p30,32856,44,24,0,1,2
p30,32868,44,24,0,0,1
p30,32878,43,23,0,1,2
p30,32884,42,22,0,2,3
p30,32886,41,21,0,3,4
p30,32890,40,20,0,4,5
p30,32892,40,20,0,3,4
p30,32893,40,20,0,3,3
p30,32894,40,20,0,2,3
p30,32900,39,19,0,3,4
p30,32905,39,19,0,3,4
p30,32908,39,19,0,1,2
p30,32910,39,19,0,0,1
p30,32935,39,19,2,0,1
p30,32936,39,19,0,0,1
p30,32975,39,19,0,0,1
p30,33000,64,44,0,0,1
p30,33001,79,59,0,0,1
p30,33077,78,58,0,1,2
p30,33089,77,57,0,2,2
p30,33090,77,57,0,1,2
p30,33092,77,57,0,0,1
p30,33104,76,56,0,1,2
p30,33105,76,56,0,0,1
p30,33127,76,56,0,0,1
p30,33148,76,56,1,0,1
p30,33154,75,55,1,1,2
p30,33156,75,55,0,1,2
p30,33157,75,55,0,0,1
p30,33159,74,54,0,1,2
p30,33162,74,54,0,0,1
p30,33174,73,53,0,0,1
p30,33182,71,51,0,2,3
p30,33184,71,51,0,1,2
p30,33185,70,50,0,2,3
p30,33187,70,50,0,1,2
p30,33189,69,49,0,2,3
p30,33193,69,49,0,2,3
p30,33199,69,49,0,1,2
p30,33205,68,48,0,2,2
p30,33210,68,48,1,2,2
p30,33212,68,48,0,2,2
p30,33213,68,48,1,2,2
p30,33214,67,47,1,3,2
p30,33216,66,46,1,4,2
p30,33234,66,46,2,4,2
p30,33236,66,46,0,4,2
p30,33237,66,46,1,4,2
p30,33238,66,46,0,4,2
p30,33276,66,46,0,4,1
p30,33280,66,46,0,3,4
p30,33288,66,46,0,2,3
p30,33289,66,46,0,1,2
p30,33295,66,46,0,0,1
p30,33402,66,46,1,0,1
p30,33420,66,46,0,0,1
p30,33435,65,45,0,1,1
p30,33436,65,45,0,1,2
p30,33438,65,45,0,0,1
p30,33462,64,44,0,1,1
p30,33469,64,44,0,1,1
p30,33489,63,43,1,2,1
p30,33494,62,42,1,3,1
p30,33498,62,42,2,3,1
p30,33499,61,41,2,4,1
p30,33500,61,41,3,4,1
p30,33501,61,41,4,4,1
p30,33507,61,41,3,4,1
p30,33508,60,40,3,5,1
p30,33510,59,39,2,6,1
p30,33511,59,39,3,6,1
p30,33513,59,39,2,6,1
p30,33524,59,39,0,6,1
p30,33536,59,39,0,6,4
p30,33537,59,39,0,6,7
p30,33554,59,39,0,5,6
p30,33572,59,39,0,4,5
p30,33582,59,39,0,3,4
p30,33592,59,39,0,2,3
p30,33596,59,39,0,1,2
p30,33597,59,39,0,0,1
p30,33642,59,39,1,0,1
p30,33643,59,39,0,0,1
p30,33690,58,38,0,1,2
p30,33692,57,37,0,2,3
p30,33698,57,37,0,1,2
p30,33702,57,37,0,0,1
p30,33705,56,36,0,0,1
p30,33728,56,36,0,0,1
p30,33744,56,36,0,0,1
p30,33745,56,36,1,0,1
p30,33747,56,36,0,0,1
p30,33757,55,35,0,1,1
p30,33762,54,34,0,2,1
p30,33771,54,34,1,2,1
p30,33772,54,34,0,2,1
p30,33773,54,34,1,2,1
p30,33774,53,33,1,3,1
p30,33776,53,33,0,3,1
p30,33784,52,32,0,4,1
p30,33787,51,31,0,5,1
p30,33799,50,30,0,6,1
p30,33803,50,30,0,6,7
p30,33810,50,30,1,6,7
p30,33811,50,30,0,6,7
p30,33828,50,30,1,6,7
p30,33864,50,30,2,6,7
p30,33865,50,30,2,5,6
p30,33866,50,30,1,5,6
p30,33880,49,29,1,6,7
p30,33887,49,29,1,5,6
p30,33888,48,28,1,5,6
p30,33889,47,27,1,5,6
p30,33891,47,27,1,4,5
p30,33892,47,27,1,3,4
p30,33893,47,27,1,2,3
p30,33894,47,27,0,2,3
p30,33895,46,26,0,3,4
p30,33897,46,26,0,2,3
p30,33898,46,26,0,2,2
p30,33899,46,26,0,1,2
p30,33902,46,26,1,0,1
p30,33903,46,26,0,0,1
p30,33950,46,26,1,0,1
p30,33951,46,26,0,0,1
p30,33999,46,26,1,0,1
p30,34001,46,26,0,0,1
p30,34038,45,25,0,1,1
p30,34076,45,25,0,1,2
p30,34154,44,24,0,2,3
p30,34172,43,23,0,2,2
p30,34173,43,23,0,0,1
p30,34182,42,22,0,1,2
p30,34184,42,22,0,0,1
p30,34192,41,21,0,1,2
p30,34194,41,21,0,1,2
p30,34196,40,20,0,2,2
p30,34197,39,19,0,3,4
p30,34200,57,37,0,3,4
p30,34201,79,59,0,3,4
p30,34202,79,59,0,2,3
p30,34206,79,59,0,2,2
p30,34207,79,59,0,1,2
p30,34214,79,59,0,0,1
p30,34296,78,58,0,1,1
p30,34298,77,57,0,2,1
p30,34301,76,56,0,3,1
p30,34358,76,56,0,2,2
p30,34360,76,56,0,0,1
p30,34400,76,56,0,0,1
p30,34431,76,56,1,0,1
p30,34432,76,56,0,0,1
p30,34451,76,56,1,0,1
p30,34459,76,56,0,0,1
p30,34461,75,55,0,0,1
p30,34465,74,54,0,1,2
p30,34469,74,54,0,0,1
p30,34472,73,53,0,1,2
p30,34486,73,53,0,0,1
p30,34487,72,52,0,0,1
p30,34488,71,51,0,1,2
p30,34489,70,50,0,2,3
p30,34491,69,49,0,3,4
p30,34492,68,48,0,4,5
p30,34493,68,48,1,4,5
p30,34495,68,48,0,3,4
p30,34497,67,47,0,4,5
p30,34501,67,47,0,4,5
p30,34502,66,46,0,5,6
p30,34505,66,46,0,4,5
p30,34506,66,46,1,4,5
p30,34508,66,46,1,3,4
p30,34514,66,46,1,2,3
p30,34515,66,46,0,2,3
p30,34516,66,46,0,2,2
p30,34517,66,46,0,1,2
p30,34518,66,46,0,0,1
p30,34695,66,46,0,0,1
p30,34727,66,46,1,0,1
p30,34728,66,46,2,0,1
p30,34729,66,46,1,0,1
p30,34736,66,46,0,0,1
p30,34750,65,45,0,1,2
p30,34751,65,45,0,0,1
p30,34757,64,44,0,1,2
p30,34772,63,43,0,2,3
p30,34784,63,43,0,2,4
p30,34785,62,42,0,3,4
p30,34791,62,42,0,3,3
p30,34792,62,42,0,3,4
p30,34794,62,42,1,3,4
p30,34796,62,42,0,3,4
p30,34801,62,42,1,3,4
p30,34803,61,41,1,4,5
p30,34804,61,41,0,4,5
p30,34805,61,41,0,3,4
p30,34806,60,40,0,4,4
p30,34807,60,40,0,3,4
p30,34809,60,40,0,2,3
p30,34811,59,39,0,3,4
p30,34814,59,39,0,2,2
p30,34815,59,39,0,0,1
p30,34958,58,38,0,1,2
p30,34960,56,36,0,3,3
p30,34961,56,36,0,2,3
p30,34963,56,36,0,1,2
p30,34964,56,36,0,0,1
p30,34976,56,36,0,0,1
p30,34989,56,36,1,0,1
p30,34990,56,36,1,0,1
p30,34992,56,36,0,0,1
p30,35042,55,35,0,1,2
p30,35054,55,35,0,1,2
p30,35061,54,34,0,2,2
p30,35062,54,34,0,2,3
p30,35069,53,33,0,3,4
p30,35070,53,33,0,3,4
p30,35076,52,32,0,4,5
p30,35087,51,31,0,5,6
p30,35095,50,30,0,6,7
p30,35105,49,29,0,7,8
p30,35106,49,29,0,6,7
p30,35108,48,28,1,7,8
p30,35109,48,28,1,7,7
p30,35110,48,28,0,6,7
p30,35114,47,27,0,7,8
p30,35117,46,26,0,8,8
p30,35132,46,26,3,8,8
p30,35133,46,26,0,8,8
p30,35147,46,26,0,8,8
p30,35178,46,26,0,8,7
p30,35198,46,26,0,8,6
p30,35202,46,26,0,8,5
p30,35204,46,26,0,8,3
p30,35207,46,26,0,8,2
p30,35208,46,26,0,8,9
p30,35222,46,26,0,7,8
p30,35224,46,26,0,6,7
p30,35226,46,26,0,5,6
p30,35236,46,26,0,5,6
p30,35238,46,26,1,5,6
p30,35240,46,26,0,4,5
p30,35245,46,26,0,2,3
p30,35256,46,26,1,2,3
p30,35257,46,26,0,2,3
p30,35259,46,26,0,1,2
p30,35273,46,26,0,0,1
p30,35291,46,26,1,0,1
p30,35295,46,26,0,0,1
p30,35351,45,25,0,1,2
p30,35400,61,41,0,1,2
p30,35401,85,65,0,1,2
p30,35405,84,64,0,2,2
p30,35406,84,64,0,2,3
p30,35407,83,63,0,3,4
p30,35409,82,62,0,4,5
p30,35414,81,61,0,5,6
p30,35415,79,59,0,7,8
p30,35475,79,59,0,7,7
p30,35498,79,59,0,7,6
p30,35500,79,59,0,7,5
p30,35503,79,59,0,7,3
p30,35504,79,59,0,6,7
p30,35506,79,59,0,5,6
p30,35515,79,59,0,4,5
p30,35522,79,59,0,3,4
p30,35529,79,59,0,2,3
p30,35535,79,59,0,0,1
p30,35557,79,59,1,0,1
p30,35561,78,58,1,1,2
p30,35563,77,57,1,2,3
p30,35564,77,57,1,2,4
p30,35565,76,56,1,3,4
p30,35567,76,56,1,2,3
p30,35569,76,56,2,1,2
p30,35570,76,56,1,0,1
p30,35588,76,56,0,0,1
p30,35667,76,56,1,0,1
p30,35704,76,56,0,0,1
p30,35706,75,55,0,1,2
p30,35709,75,55,0,1,1
p30,35710,74,54,0,2,3
p30,35789,74,54,1,2,3
p30,35791,74,54,0,2,3
p30,35801,74,54,0,2,1
p30,35803,74,54,0,2,3
p30,35814,73,53,0,3,4
p30,35817,72,52,0,4,5
p30,35825,71,51,0,5,6
p30,35837,71,51,0,4,5
p30,35838,70,50,0,5,6
p30,35843,70,50,0,4,4
p30,35844,70,50,0,3,4
p30,35845,68,48,0,4,5
p30,35849,68,48,1,4,5
p30,35851,68,48,1,3,4
p30,35855,68,48,1,3,4
p30,35859,67,47,1,4,5
p30,35873,66,46,1,4,5
p30,35874,66,46,1,3,4
p30,35877,66,46,1,3,4
p30,35880,66,46,1,2,3
p30,35885,66,46,1,1,2
p30,35888,66,46,1,0,1
p30,35896,66,46,2,0,1
p30,35905,66,46,1,0,1
p30,35907,66,46,0,0,1
p30,36023,66,46,1,0,1
p30,36026,66,46,2,0,1
p30,36044,66,46,1,0,1
p30,36050,66,46,0,0,1
p30,36082,66,46,0,0,1
p30,36104,65,45,0,1,2
p30,36106,64,44,0,2,3
p30,36115,63,43,0,3,3
p30,36116,63,43,0,3,4
p30,36122,62,42,0,4,5
p30,36124,62,42,1,4,5
p30,36125,62,42,0,4,5
p30,36129,61,41,0,5,6
p30,36135,59,39,0,7,8
p30,36167,58,38,0,8,9
p30,36169,57,37,0,9,10
p30,36170,56,36,0,10,11
p30,36192,56,36,0,8,9
p30,36200,56,36,0,7,8
p30,36211,56,36,0,7,7
p30,36212,56,36,0,5,5
p30,36213,56,36,0,1,1
p30,36214,56,36,0,0,1
p30,36245,56,36,1,0,1
p30,36246,56,36,0,0,1
p30,36325,56,36,1,0,1
p30,36329,56,36,0,0,1
p30,36435,56,36,1,0,1
p30,36437,55,35,1,1,1
p30,36438,55,35,0,1,2
p30,36443,54,34,0,2,3
p30,36444,53,33,0,3,4
p30,36445,52,32,0,4,5
p30,36451,51,31,0,5,6
p30,36473,50,30,0,6,7
p30,36474,49,29,0,7,8
p30,36479,49,29,1,7,8
p30,36480,48,28,0,8,9
p30,36485,47,27,0,9,10
p30,36488,46,26,0,10,11
p30,36492,46,26,0,10,11
p30,36515,46,26,0,9,10
p30,36516,46,26,0,7,7
p30,36517,46,26,0,5,6
p30,36518,46,26,0,2,3
p30,36521,46,26,0,1,2
p30,36522,46,26,0,0,1
p30,36600,60,40,0,0,1
p30,36601,86,66,0,0,1
p30,36735,86,66,1,0,1
p30,36739,86,66,0,0,1
p30,36775,85,65,0,1,2
p30,36783,84,64,0,2,3
p30,36786,84,64,0,2,3
p30,36791,84,64,0,1,2
p30,36792,83,63,0,2,3
p30,36793,82,62,0,3,4
p30,36798,81,61,0,4,5
p30,36800,81,61,0,3,4
p30,36807,80,60,0,4,5
p30,36809,79,59,0,5,6
p30,36810,78,58,0,5,6
p30,36811,77,57,0,6,7
p30,36812,76,56,0,7,8
p30,36825,76,56,0,6,7
p30,36826,76,56,0,6,6
p30,36827,76,56,0,5,6
p30,36832,76,56,0,4,5
p30,36833,76,56,0,2,3
p30,36834,76,56,0,1,2
p30,36840,76,56,0,0,1
p30,36860,76,56,1,0,1
p30,36861,76,56,0,0,1
p30,36931,76,56,1,0,1
p30,36942,76,56,0,0,1
p30,36958,76,56,0,0,1
p30,36960,76,56,1,0,1
p30,36962,76,56,0,0,1
p30,37035,76,56,1,0,1
p30,37036,76,56,1,0,1
p30,37040,76,56,0,0,1
p30,37051,76,56,0,0,1
p30,37064,75,55,0,1,1
p30,37065,75,55,0,0,1
p30,37071,75,55,1,0,1
p30,37075,75,55,0,0,1
p30,37087,74,54,0,1,2
p30,37089,73,53,0,2,3
p30,37099,72,52,0,3,4
p30,37108,71,51,0,4,5
p30,37114,70,50,0,5,6
p30,37115,68,48,0,7,7
p30,37116,68,48,0,7,8
p30,37117,67,47,0,8,9
p30,37118,66,46,0,9,10
p30,37135,66,46,1,9,10
p30,37138,66,46,1,8,9
p30,37139,66,46,1,7,8
p30,37141,66,46,1,6,7
p30,37143,66,46,1,5,6
p30,37144,66,46,1,4,5
p30,37146,66,46,1,4,5
p30,37149,66,46,1,2,3
p30,37150,66,46,2,1,2
p30,37151,66,46,2,0,1
p30,37160,66,46,1,0,1
p30,37198,66,46,2,0,1
p30,37206,66,46,1,0,1
p30,37212,66,46,0,0,1
p30,37247,66,46,0,0,1
p30,37337,66,46,1,0,1
p30,37340,66,46,0,0,1
p30,37391,65,45,0,1,2
p30,37400,64,44,0,2,3
p30,37401,64,44,1,2,3
p30,37409,63,43,1,3,3
p30,37410,63,43,1,3,4
p30,37425,62,42,1,4,5
p30,37427,61,41,1,5,6
p30,37430,61,41,2,5,6
p30,37432,60,40,2,6,7
p30,37433,58,38,2,8,9
p30,37434,57,37,2,9,10
p30,37438,56,36,2,10,11
p30,37441,56,36,1,10,11
p30,37451,56,36,1,10,11
p30,37463,56,36,2,10,11
p30,37467,56,36,1,9,10
p30,37474,56,36,1,8,9
p30,37476,56,36,1,5,6
p30,37477,56,36,1,4,5
p30,37478,56,36,1,3,4
p30,37480,56,36,1,2,3
p30,37484,56,36,0,2,3
p30,37485,56,36,0,2,2
p30,37486,56,36,0,1,2
p30,37492,56,36,0,0,1
p30,37584,56,36,1,0,1
p30,37585,56,36,0,0,1
p30,37665,55,35,0,1,1
p30,37673,55,35,0,0,1
p30,37694,55,35,1,0,1
p30,37698,55,35,0,0,1
p30,37716,54,34,0,1,2
p30,37726,53,33,0,2,3
p30,37735,52,32,0,3,4
p30,37741,51,31,0,4,5
p30,37743,50,30,0,5,6
p30,37744,49,29,0,6,7
p30,37749,48,28,0,7,7
p30,37750,47,27,0,8,9
p30,37751,46,26,0,9,10
p30,37776,46,26,1,9,10
p30,37781,46,26,0,9,10
p30,37800,64,44,0,9,10
p30,37801,86,66,0,9,10
p30,37821,86,66,0,8,9
p30,37822,86,66,0,7,8
p30,37823,86,66,0,6,7
p30,37824,86,66,0,5,6
p30,37825,86,66,1,4,5
p30,37826,86,66,0,4,5
p30,37827,86,66,0,3,4
p30,37828,86,66,0,2,3
p30,37837,86,66,0,2,3
p30,37842,86,66,0,0,1
p30,37930,86,66,1,0,1
p30,37931,86,66,0,0,1
p30,37949,86,66,1,0,1
p30,37953,86,66,0,0,1
p30,38004,86,66,1,0,1
p30,38011,86,66,1,0,1
p30,38014,85,65,1,1,2
p30,38015,85,65,0,1,2
p30,38018,85,65,0,1,2
p30,38028,85,65,0,0,1
p30,38037,85,65,1,0,1
p30,38049,85,65,0,0,1
p30,38067,84,64,0,1,2
p30,38068,84,64,0,1,2
p30,38069,84,64,1,1,2
p30,38070,84,64,0,1,2
p30,38071,83,63,0,2,3
p30,38076,80,60,0,5,5
p30,38077,79,59,0,6,7
p30,38078,78,58,0,7,8
p30,38080,77,57,0,8,9
p30,38082,77,57,0,7,8
p30,38084,77,57,0,6,7
p30,38086,76,56,0,7,8
p30,38087,76,56,0,6,7
p30,38095,76,56,0,5,6
p30,38097,76,56,0,4,5
p30,38100,76,56,0,3,4
p30,38102,76,56,0,2,3
p30,38105,76,56,0,1,2
p30,38106,76,56,0,0,1
p30,38144,76,56,1,0,1
p30,38166,76,56,2,0,1
p30,38173,76,56,3,0,1
p30,38184,76,56,2,0,1
p30,38195,76,56,3,0,1
p30,38196,76,56,2,0,1
p30,38198,76,56,3,0,1
p30,38202,76,56,3,0,1
p30,38208,76,56,2,0,1
p30,38209,76,56,1,0,1
p30,38231,76,56,0,0,1
p30,38262,75,55,0,1,1
p30,38326,75,55,0,0,1
p30,38386,74,54,0,1,2
p30,38387,74,54,0,0,1
p30,38421,73,53,0,1,2
p30,38422,72,52,0,2,3
p30,38423,71,51,1,2,3
p30,38424,70,50,1,3,3
p30,38425,70,50,0,3,4
p30,38427,69,49,0,4,5
p30,38428,68,48,0,5,6
p30,38429,68,48,0,4,5
p30,38434,68,48,0,3,4
p30,38436,68,48,0,2,3
p30,38438,68,48,0,2,2
p30,38439,68,48,0,1,2
p30,38441,68,48,1,1,2
p30,38442,67,47,1,1,2
p30,38443,66,46,1,2,3
p30,38447,66,46,0,2,3
p30,38470,66,46,0,1,2
p30,38474,66,46,0,0,1
p30,38485,66,46,1,0,1
p30,38486,66,46,0,0,1
p30,38529,66,46,1,0,1
p30,38530,66,46,0,0,1
p30,38564,66,46,1,0,1
p30,38581,66,46,0,0,1
p30,38623,66,46,0,0,1
p30,38626,65,45,0,1,1
p30,38649,65,45,0,0,1
p30,38672,65,45,1,0,1
p30,38673,65,45,0,0,1
p30,38682,64,44,0,1,2
p30,38683,64,44,0,0,1
p30,38684,63,43,0,1,2
p30,38685,63,43,0,0,1
p30,38687,62,42,0,1,2
p30,38689,62,42,0,0,1
p30,38695,61,41,0,1,2
p30,38697,60,40,0,2,3
p30,38701,59,39,0,3,4
p30,38702,58,38,0,4,5
p30,38703,58,38,1,3,4
p30,38704,58,38,1,2,3
p30,38705,57,37,0,3,4
p30,38706,56,36,0,4,5
p30,38725,56,36,0,4,5
p30,38745,56,36,0,4,5
p30,38789,56,36,0,4,5
p30,38817,56,36,0,3,4
p30,38818,56,36,0,2,3
p30,38819,56,36,0,1,2
p30,38820,56,36,0,0,1
p30,38880,56,36,0,0,1
p30,38910,55,35,0,1,1
p30,38942,55,35,0,1,1
p30,38972,55,35,1,1,1
p30,38973,55,35,0,1,1
p30,38980,55,35,0,1,1
p30,38987,54,34,0,2,2
p30,38988,54,34,0,2,3
p30,38989,54,34,0,1,2
p30,38990,54,34,0,0,1
p30,39000,80,60,0,0,1
p30,39001,86,66,0,0,1
p30,39004,93,73,0,1,2
p30,39009,93,73,1,1,2
p30,39023,92,72,1,2,3
p30,39024,92,72,1,1,2
p30,39027,92,72,1,0,1
p30,39029,91,71,1,1,1
p30,39030,91,71,1,1,2
p30,39032,91,71,1,1,2
p30,39035,91,71,1,1,2
p30,39036,90,70,1,1,2
p30,39037,90,70,1,0,1
p30,39039,89,69,1,1,2
p30,39042,88,68,1,2,3
p30,39043,88,68,1,2,3
p30,39070,87,67,1,3,4
p30,39075,86,66,1,4,5
p30,39090,86,66,0,4,5
p30,39152,86,66,1,4,5
p30,39154,86,66,2,4,5
p30,39156,86,66,0,4,5
p30,39157,86,66,0,3,4
p30,39165,86,66,0,2,3
p30,39167,86,66,0,1,2
p30,39170,86,66,0,0,1
p30,39172,86,66,1,0,1
p30,39173,86,66,2,0,1
p30,39195,86,66,2,0,1
p30,39200,86,66,1,0,1
p30,39201,86,66,0,0,1
p30,39211,85,65,0,1,1
p30,39212,85,65,0,0,1
p30,39270,85,65,0,0,1
p30,39283,84,64,0,1,1
p30,39285,83,63,0,2,1
p30,39289,82,62,0,3,1
p30,39303,81,61,0,4,1
p30,39304,80,60,0,5,1
p30,39310,80,60,0,5,1
p30,39315,80,60,0,3,2
p30,39316,80,60,0,3,4
p30,39318,80,60,0,2,3
p30,39319,80,60,0,1,2
p30,39321,80,60,0,0,1
p30,39328,80,60,2,0,1
p30,39337,80,60,1,0,1
p30,39341,80,60,0,0,1
p30,39368,80,60,1,0,1
p30,39373,80,60,0,0,1
p30,39396,80,60,1,0,1
p30,39397,80,60,2,0,1
p30,39406,80,60,1,0,1
p30,39417,79,59,1,1,2
p30,39418,77,57,1,3,4
p30,39420,76,56,1,4,4
p30,39421,76,56,1,3,4
p30,39432,76,56,1,2,3
p30,39435,76,56,1,1,2
p30,39441,76,56,2,0,1
p30,39445,76,56,1,0,1
p30,39529,76,56,2,0,1
p30,39541,76,56,1,0,1
p30,39542,76,56,2,0,1
p30,39546,75,55,2,1,2
p30,39548,75,55,3,1,2
p30,39549,75,55,3,0,1
p30,39553,75,55,2,0,1
p30,39555,75,55,1,0,1
p30,39572,74,54,1,1,1
p30,39623,73,53,1,2,1
p30,39624,72,52,1,3,1
p30,39636,71,51,1,4,1
p30,39637,70,50,0,5,1
p30,39659,70,50,0,5,3
p30,39660,70,50,0,5,6
p30,39665,70,50,0,4,5
p30,39667,70,50,0,3,3
p30,39668,70,50,0,2,3
p30,39669,70,50,0,1,2
p30,39670,70,50,0,0,1
p30,39677,69,49,0,1,2
p30,39678,69,49,0,0,1
p30,39751,69,49,1,0,1
p30,39753,69,49,0,0,1
p30,39765,68,48,0,1,2
p30,39766,66,46,0,3,4
p30,39781,66,46,0,3,4
p30,39791,66,46,0,3,3
p30,39792,66,46,0,2,3
p30,39793,66,46,0,1,2
p30,39794,66,46,0,0,1
p30,39812,65,45,0,0,1
p30,39879,64,44,0,1,2
p30,39884,64,44,0,0,1
p30,39915,63,43,0,1,1
p30,39916,62,42,0,2,1
p30,39920,61,41,0,3,1
p30,39921,60,40,0,4,1
p30,40009,60,40,0,4,5
p30,40017,60,40,0,3,4
p30,40018,60,40,0,2,3
p30,40021,59,39,0,3,4
p30,40029,59,39,0,2,3
p30,40030,59,39,0,2,3
p30,40032,58,38,0,3,4
p30,40033,58,38,0,2,3
p30,40035,57,37,0,3,4
p30,40041,56,36,0,4,5
p30,40046,56,36,0,3,4
p30,40050,56,36,0,2,3
p30,40051,56,36,0,0,1
p30,40121,55,35,0,1,2
p30,40137,55,35,0,1,1
p30,40138,55,35,0,1,2
p30,40163,55,35,0,0,1
p30,40200,78,58,0,0,1
p30,40201,95,75,0,0,1
p30,40240,94,74,0,1,2
p30,40245,94,74,0,1,2
p30,40247,94,74,0,0,1
p30,40248,93,73,0,1,2
p30,40255,92,72,0,2,3
p30,40256,92,72,0,1,2
p30,40259,92,72,0,1,1
p30,40260,92,72,0,0,1
p30,40261,91,71,0,1,1
p30,40262,90,70,0,2,1
p30,40273,89,69,0,3,1
p30,40365,89,69,0,3,4
p30,40367,89,69,0,1,2
p30,40370,89,69,0,1,1
p30,40371,89,69,0,0,1
p30,40392,88,68,0,1,2
p30,40394,86,66,0,3,4
p30,40395,86,66,0,3,4
p30,40397,86,66,0,2,3
p30,40403,86,66,0,1,2
p30,40404,86,66,0,0,1
p30,40412,85,65,0,1,2
p30,40415,85,65,0,0,1
p30,40443,85,65,1,0,1
p30,40445,85,65,1,0,1
p30,40484,84,64,0,1,2
p30,40490,84,64,0,0,1
p30,40553,84,64,1,0,1
p30,40554,84,64,0,0,1
p30,40578,84,64,0,0,1
p30,40592,83,63,0,1,2
p30,40593,83,63,0,1,2
p30,40594,83,63,0,0,1
p30,40597,83,63,0,0,1
p30,40602,82,62,0,1,2
p30,40630,81,61,0,2,2
p30,40633,80,60,0,3,2
p30,40646,79,59,0,4,2
p30,40648,78,58,0,5,2
p30,40650,77,57,0,6,2
p30,40651,76,56,0,7,2
p30,40691,76,56,1,7,2
p30,40692,76,56,1,7,2
p30,40693,76,56,0,7,2
p30,40718,76,56,0,7,1
p30,40722,76,56,0,7,8
p30,40729,76,56,0,6,7
p30,40730,76,56,0,4,5
p30,40749,76,56,0,3,4
p30,40750,76,56,0,2,3
p30,40752,76,56,0,1,2
p30,40763,75,55,0,2,3
p30,40768,75,55,1,2,3
p30,40769,75,55,1,1,2
p30,40770,75,55,1,0,1
p30,40771,75,55,0,0,1
p30,40833,74,54,0,1,2
p30,40834,74,54,0,1,2
p30,40843,74,54,0,1,2
p30,40846,74,54,0,1,2
p30,40847,73,53,0,1,2
p30,40848,73,53,0,1,1
p30,40849,73,53,0,0,1
p30,40860,72,52,0,1,2
p30,40861,72,52,0,0,1
p30,40967,70,50,0,2,3
p30,40971,69,49,0,3,4
p30,40997,68,48,0,4,4
p30,41003,67,47,0,5,4
p30,41005,66,46,0,6,4
p30,41015,65,45,0,7,4
p30,41029,65,45,2,7,4
p30,41039,65,45,1,7,4
p30,41081,65,45,1,7,2
p30,41082,65,45,1,7,1
p30,41084,65,45,1,7,8
p30,41090,64,44,1,8,9
p30,41093,64,44,0,8,9
p30,41135,64,44,0,7,8
p30,41144,64,44,1,7,8
p30,41146,64,44,0,7,8
p30,41148,64,44,0,6,7
p30,41166,64,44,0,6,6
p30,41167,64,44,0,4,5
p30,41171,64,44,0,2,3
p30,41173,64,44,0,1,2
p30,41176,64,44,0,0,1
p30,41180,63,43,0,1,2
p30,41181,63,43,0,0,1
p30,41288,62,42,0,1,2
p30,41299,62,42,0,0,1
p30,41330,60,40,0,1,2
p30,41333,60,40,0,1,2
p30,41349,59,39,0,2,2
p30,41350,58,38,0,3,2
p30,41352,57,37,0,4,2
p30,41369,56,36,0,5,2
p30,41370,55,35,0,6,2
p30,41400,89,69,0,6,2
p30,41401,95,75,0,6,2
p30,41428,95,75,0,6,2
p30,41447,94,74,0,7,2
p30,41449,93,73,0,8,2
p30,41452,93,73,0,6,7
p30,41458,93,73,0,5,6
p30,41460,93,73,0,4,5
p30,41461,92,72,0,5,6
p30,41465,92,72,0,4,5
p30,41466,92,72,0,4,4
p30,41467,92,72,0,3,4
p30,41478,92,72,0,2,3
p30,41484,92,72,0,1,2
p30,41508,92,72,0,0,1
p30,41634,92,72,1,0,1
p30,41666,92,72,0,0,1
p30,41706,92,72,1,0,1
p30,41707,92,72,0,0,1
p30,41708,92,72,1,0,1
p30,41717,92,72,2,0,1
p30,41723,92,72,1,0,1
p30,41731,92,72,0,0,1
p30,41734,91,71,0,1,1
p30,41748,90,70,0,2,1
p30,41766,89,69,0,3,1
p30,41767,88,68,0,4,1
p30,41771,85,65,0,7,1
p30,41776,84,64,0,8,1
p30,41781,83,63,0,9,1
p30,41815,83,63,0,9,10
p30,41846,83,63,1,9,10
p30,41847,83,63,2,9,10
p30,41856,83,63,1,9,10
p30,41857,83,63,0,9,10
p30,41864,83,63,1,9,10
p30,41866,83,63,0,9,10
p30,41867,83,63,0,8,9
p30,41872,83,63,0,7,8
p30,41873,83,63,0,6,7
p30,41874,83,63,0,5,6
p30,41877,83,63,0,4,5
p30,41878,83,63,0,3,4
p30,41887,83,63,0,2,3
p30,41895,83,63,0,1,2
p30,41896,83,63,0,1,2
p30,41897,83,63,1,1,2
p30,41899,82,62,1,2,3
p30,41900,82,62,0,2,3
p30,41905,82,62,0,1,2
p30,41909,82,62,0,0,1
p30,41912,81,61,0,0,1
p30,41979,81,61,1,0,1
p30,41994,81,61,0,0,1
p30,42052,79,59,0,2,3
p30,42053,79,59,0,1,1
p30,42054,79,59,0,0,1
p30,42058,78,58,0,1,2
p30,42059,78,58,0,0,1
p30,42060,77,57,0,1,2
p30,42061,77,57,0,1,2
p30,42064,77,57,0,0,1
p30,42065,76,56,0,1,2
p30,42066,76,56,0,0,1
p30,42067,75,55,0,1,1
p30,42069,75,55,0,0,1
p30,42078,74,54,0,1,2
p30,42084,73,53,0,2,3
p30,42108,72,52,0,3,3
p30,42196,72,52,0,3,2
p30,42199,72,52,0,3,1
p30,42200,72,52,0,3,4
p30,42208,72,52,1,3,4
p30,42209,72,52,0,3,4
p30,42263,72,52,1,3,4
p30,42264,72,52,0,3,4
p30,42290,72,52,0,2,3
p30,42298,72,52,0,1,2
p30,42299,72,52,0,1,2
p30,42300,72,52,0,0,1
p30,42339,72,52,1,0,1
p30,42355,72,52,0,0,1
p30,42380,72,52,0,0,1
p30,42418,71,51,0,1,2
p30,42420,71,51,0,1,1
p30,42421,71,51,0,0,1
p30,42468,70,50,0,1,1
p30,42472,69,49,0,2,1
p30,42473,68,48,0,3,1
p30,42474,67,47,0,4,1
p30,42477,66,46,0,5,1
p30,42479,65,45,0,6,1
p30,42487,64,44,0,7,1
p30,42495,63,43,0,8,1
p30,42505,62,42,0,9,1
p30,42509,61,41,0,10,1
p30,42512,60,40,0,11,1
p30,42580,60,40,0,11,7
p30,42581,60,40,0,11,12
p30,42595,60,40,0,11,12
p30,42600,79,59,0,11,12
p30,42601,100,80,0,11,12
p30,42646,99,79,0,12,12
p30,42647,99,79,0,12,13
p30,42653,98,78,0,13,14
p30,42660,96,76,0,15,16
p30,42662,96,76,0,15,16
p30,42666,95,75,0,16,17
p30,42667,95,75,1,16,17
p30,42668,95,75,2,16,17
p30,42670,95,75,1,16,17
p30,42684,95,75,0,16,17
p30,42691,95,75,0,15,16
p30,42692,95,75,0,14,15
p30,42693,95,75,0,13,14
p30,42697,95,75,0,12,13
p30,42698,95,75,0,12,13
p30,42699,95,75,0,10,11
p30,42700,95,75,0,8,9
p30,42701,95,75,0,7,8
p30,42702,95,75,0,6,7
p30,42703,95,75,0,5,6
p30,42704,95,75,0,4,4
p30,42705,95,75,0,3,4
p30,42707,95,75,0,3,3
p30,42711,95,75,0,1,2
p30,42716,95,75,0,0,1
p30,42790,95,75,1,0,1
p30,42792,95,75,0,0,1
p30,42890,94,74,0,1,1
p30,42898,93,73,0,2,1
p30,42900,92,72,0,3,1
p30,42942,92,72,1,3,1
p30,42946,92,72,0,3,1
p30,42974,92,72,0,0,1
p30,43021,91,71,0,1,2
p30,43028,91,71,0,0,1
p30,43083,91,71,1,0,1
p30,43096,91,71,0,0,1
p30,43120,91,71,1,0,1
p30,43127,91,71,0,0,1
p30,43156,91,71,1,0,1
p30,43157,91,71,0,0,1
p30,43170,91,71,1,0,1
p30,43174,91,71,0,0,1
p30,43177,91,71,1,0,1
p30,43179,91,71,0,0,1
p30,43213,90,70,0,1,2
p30,43217,90,70,0,0,1
p30,43220,90,70,1,0,1
p30,43221,90,70,0,0,1
p30,43239,89,69,0,1,1
p30,43268,88,68,0,2,1
p30,43272,87,67,0,3,1
p30,43287,86,66,0,4,1
p30,43291,85,65,0,5,1
p30,43293,84,64,0,6,1
p30,43294,83,63,0,7,1
p30,43296,82,62,0,8,1
p30,43299,81,61,0,9,1
p30,43300,80,60,0,10,1
p30,43304,78,58,0,12,1
p30,43307,77,57,0,13,1
p30,43311,76,56,0,14,1
p30,43316,75,55,0,15,1
p30,43358,75,55,0,15,16
p30,43361,75,55,0,13,14
p30,43373,75,55,0,12,13
p30,43388,75,55,0,11,12
p30,43402,75,55,0,10,11
p30,43413,75,55,0,8,9
p30,43417,75,55,0,6,7
p30,43438,75,55,0,5,6
p30,43441,75,55,0,4,5
p30,43448,75,55,0,3,4
p30,43456,75,55,0,2,3
p30,43458,75,55,0,1,2
p30,43464,75,55,0,1,1
p30,43465,75,55,0,0,1
p30,43574,72,52,0,3,4
p30,43576,72,52,0,2,3
p30,43581,72,52,0,1,2
p30,43583,72,52,0,0,1
p30,43610,72,52,1,0,1
p30,43611,72,52,0,0,1
p30,43624,72,52,0,0,1
p30,43628,71,51,0,1,2
p30,43634,71,51,0,1,2
p30,43636,71,51,0,0,1
p30,43687,71,51,1,0,1
p30,43691,71,51,0,0,1
p30,43800,93,73,0,0,1
p30,43801,111,91,0,0,1
p30,43815,111,91,1,0,1
p30,43817,110,90,1,1,2
p30,43833,110,90,0,1,2
p30,43867,110,90,0,1,1
p30,43868,110,90,0,0,1
p30,43960,109,89,0,1,2
p30,43961,108,88,0,2,3
p30,43965,108,88,0,1,2
p30,43967,108,88,0,0,1
p30,43969,107,87,0,1,2
p30,43973,107,87,0,1,1
p30,43974,107,87,0,1,2
p30,43983,107,87,0,0,1
p30,43988,106,86,0,1,2
p30,43992,106,86,0,0,1
p30,44002,105,85,0,1,2
p30,44003,105,85,0,0,1
p30,44013,103,83,0,2,3
p30,44016,103,83,0,1,2
p30,44017,101,81,0,2,3
p30,44021,101,81,0,1,2
p30,44038,100,80,0,2,2
p30,44040,100,80,1,2,2
p30,44041,99,79,1,3,2
p30,44042,99,79,0,3,2
p30,44048,98,78,0,4,2
p30,44056,97,77,0,5,2
p30,44058,96,76,0,6,2
p30,44065,95,75,0,7,2
p30,44130,95,75,1,7,2
p30,44133,95,75,0,7,2
p30,44139,95,75,0,7,1
p30,44147,95,75,0,0,1
p30,44150,95,75,1,0,1
p30,44166,95,75,2,0,1
p30,44175,95,75,3,0,1
p30,44176,94,74,3,1,2
p30,44181,93,73,3,2,3
p30,44183,92,72,3,2,3
p30,44185,92,72,3,1,2
p30,44186,92,72,3,0,1
p30,44228,92,72,4,0,1
p30,44231,92,72,3,0,1
p30,44236,91,71,3,1,2
p30,44241,91,71,3,0,1
p30,44277,91,71,4,0,1
p30,44283,91,71,5,0,1
p30,44290,91,71,4,0,1
p30,44292,91,71,5,0,1
p30,44293,91,71,3,0,1
p30,44301,91,71,2,0,1
p30,44302,91,71,1,0,1
p30,44303,91,71,0,0,1
p30,44468,90,70,0,1,1
p30,44551,90,70,0,1,2
p30,44552,90,70,1,0,1
p30,44559,90,70,0,0,1
p30,44565,89,69,0,1,2
p30,44566,89,69,0,0,1
p30,44567,88,68,0,1,2
p30,44570,88,68,0,1,2
p30,44573,88,68,0,0,1
p30,44583,87,67,0,1,2
p30,44590,86,66,0,2,3
p30,44594,86,66,0,2,3
p30,44597,86,66,0,2,3
p30,44603,85,65,0,3,4
p30,44606,85,65,0,2,3
p30,44609,85,65,0,2,2
p30,44610,85,65,0,1,2
p30,44613,84,64,0,2,3
p30,44617,83,63,0,3,4
p30,44621,82,62,0,4,5
p30,44631,82,62,0,3,4
p30,44636,82,62,0,2,3
p30,44650,82,62,0,2,2
p30,44651,82,62,0,1,2
p30,44677,82,62,0,0,1
p30,44747,75,55,0,7,8
p30,44750,75,55,0,6,7
p30,44752,75,55,0,6,7
p30,44763,75,55,0,6,7
p30,44764,75,55,0,5,6
p30,44766,75,55,0,5,6
p30,44767,75,55,0,4,5
p30,44772,75,55,0,3,4
p30,44775,75,55,0,2,3
p30,44776,75,55,0,0,1
p30,44784,74,54,0,1,2
p30,44785,73,53,0,2,3
p30,44786,72,52,0,3,4
p30,44789,72,52,0,2,3
p30,44790,72,52,0,1,2
p30,44796,72,52,0,0,1
p30,44841,71,51,0,1,2
p30,44851,71,51,1,0,1
p30,44852,71,51,0,0,1
p30,44879,71,51,0,0,1
p30,44898,71,51,1,0,1
p30,44907,71,51,0,0,1
p30,45000,89,69,0,0,1
p30,45001,111,91,0,0,1
p30,45065,111,91,1,0,1
p30,45066,111,91,0,0,1
p30,45095,111,91,1,0,1
p30,45113,111,91,2,0,1
p30,45145,110,90,2,1,2
p30,45146,110,90,2,0,1
p30,45148,110,90,3,0,1
p30,45150,110,90,2,0,1
p30,45151,109,89,2,1,2
p30,45152,109,89,3,1,2
p30,45153,109,89,2,0,1
p30,45157,109,89,1,0,1
p30,45158,109,89,0,0,1
p30,45166,108,88,0,1,2
p30,45173,107,87,0,2,2
p30,45174,107,87,0,2,3
p30,45187,107,87,0,2,3
p30,45192,107,87,0,1,2
p30,45193,107,87,0,0,1
p30,45206,106,86,0,1,2
p30,45210,105,85,0,2,3
p30,45216,105,85,0,1,2
p30,45217,105,85,0,0,1
p30,45222,105,85,1,0,1
p30,45223,105,85,0,0,1
p30,45231,104,84,0,1,2
p30,45234,104,84,0,1,1
p30,45235,104,84,0,0,1
p30,45236,103,83,0,0,1
p30,45251,102,82,0,1,2
p30,45252,102,82,0,0,1
p30,45330,102,82,1,0,1
p30,45338,102,82,0,0,1
p30,45350,101,81,0,1,1
p30,45364,100,80,0,2,1
p30,45367,99,79,0,3,1
p30,45372,98,78,0,4,1
p30,45375,96,76,0,6,1
p30,45377,95,75,0,7,1
p30,45386,95,75,0,4,5
p30,45389,93,73,0,6,7
p30,45395,93,73,0,5,6
p30,45396,92,72,0,6,7
p30,45401,92,72,0,5,6
p30,45406,92,72,1,5,6
p30,45409,92,72,2,5,6
p30,45412,92,72,2,4,5
p30,45413,92,72,1,4,5
p30,45418,92,72,1,4,4
p30,45419,92,72,1,3,4
p30,45430,92,72,1,3,3
p30,45431,92,72,1,2,3
p30,45434,92,72,1,1,2
p30,45441,92,72,1,0,1
p30,45452,91,71,1,0,1
p30,45460,91,71,0,0,1
p30,45497,91,71,1,0,1
p30,45515,91,71,0,0,1
p30,45572,91,71,1,0,1
p30,45573,91,71,0,0,1
p30,45663,90,70,0,1,2
p30,45671,90,70,0,1,2
p30,45728,90,70,0,1,2
p30,45746,89,69,0,2,2
p30,45753,88,68,0,3,2
p30,45793,86,66,0,5,2
p30,45806,86,66,0,5,1
p30,45809,86,66,0,5,6
p30,45817,85,65,0,6,7
p30,45835,84,64,0,7,8
p30,45836,83,63,0,8,9
p30,45852,82,62,0,9,10
p30,45879,82,62,0,8,9
p30,45888,82,62,0,7,8
p30,45895,82,62,0,6,7
p30,45913,82,62,0,5,6
p30,45918,82,62,0,4,5
p30,45920,82,62,0,4,5
p30,45938,81,61,0,5,6
p30,45944,81,61,0,5,6
p30,45946,81,61,0,4,5
p30,45947,81,61,0,4,5
p30,45953,81,61,0,3,4
p30,45954,81,61,0,2,3
p30,45958,81,61,0,1,2
p30,45959,81,61,0,0,1
p30,45986,78,58,0,3,4
p30,45987,78,58,0,2,3
p30,45989,78,58,0,1,2
p30,45994,78,58,0,0,1
p30,45995,77,57,0,1,2
p30,45997,77,57,0,0,1
p30,46012,76,56,0,0,1
p30,46019,75,55,0,1,2
p30,46021,75,55,0,0,1
p30,46031,74,54,0,1,2
p30,46034,73,53,0,2,3
p30,46041,72,52,0,3,4
p30,46044,72,52,0,3,3
p30,46045,72,52,0,2,3
p30,46052,71,51,0,3,4
p30,46055,71,51,0,1,2
p30,46062,71,51,0,0,1
p30,46127,71,51,1,0,1
p30,46128,71,51,0,0,1
p30,46137,71,51,1,0,1
p30,46162,71,51,0,0,1
p30,46200,92,72,0,0,1
p30,46201,93,73,0,0,1
p30,46248,111,91,0,0,1
p30,46264,111,91,1,0,1
p30,46265,111,91,0,0,1
p30,46301,111,91,0,0,1
p30,46361,111,91,1,0,1
p30,46362,111,91,1,0,1
p30,46364,111,91,2,0,1
p30,46367,111,91,1,0,1
p30,46441,111,91,0,0,1
p30,46478,111,91,1,0,1
p30,46479,110,90,0,1,2
p30,46486,110,90,0,0,1
p30,46488,109,89,0,1,2
p30,46489,109,89,0,1,2
p30,46495,108,88,0,2,3
p30,46497,108,88,0,0,1
p30,46513,107,87,0,1,2
p30,46514,107,87,0,0,1
p30,46518,106,86,0,1,2
p30,46520,106,86,0,0,1
p30,46546,105,85,0,1,1
p30,46548,105,85,0,1,1
p30,46551,105,85,1,1,1
p30,46553,104,84,1,2,1
p30,46554,103,83,1,3,1
p30,46558,102,82,1,4,1
p30,46559,101,81,1,5,1
p30,46573,100,80,1,6,1
p30,46589,99,79,1,7,1
p30,46595,98,78,1,8,1
p30,46597,97,77,1,9,1
p30,46612,96,76,1,10,1
p30,46621,95,75,1,11,1
p30,46627,95,75,2,11,1
p30,46636,95,75,1,11,1
p30,46645,94,74,1,12,1
p30,46646,94,74,2,12,1
p30,46647,94,74,1,12,1
p30,46655,92,72,1,14,1
p30,46660,92,72,0,14,1
p30,46662,91,71,0,15,1
p30,46677,91,71,0,11,4
p30,46678,91,71,0,9,10
p30,46679,91,71,0,8,9
p30,46683,91,71,0,7,8
p30,46711,91,71,0,7,7
p30,46712,91,71,0,6,7
p30,46714,91,71,0,5,5
p30,46715,91,71,0,4,5
p30,46716,91,71,0,3,3
p30,46717,91,71,0,2,3
p30,46722,91,71,0,1,2
p30,46723,91,71,0,0,1
p30,46732,91,71,0,0,1
p30,46783,91,71,0,0,1
p30,46872,91,71,1,0,1
p30,46874,91,71,0,0,1
p30,46915,91,71,0,0,1
p30,46946,91,71,0,0,1
p30,47086,90,70,0,1,1
p30,47094,89,69,0,2,1
p30,47096,88,68,0,3,1
p30,47099,88,68,0,3,4
p30,47114,87,67,0,4,5
p30,47120,86,66,0,5,6
p30,47151,86,66,0,5,6
p30,47157,86,66,0,4,5
p30,47158,86,66,0,3,4
p30,47170,86,66,0,3,4
p30,47190,86,66,0,2,3
p30,47193,86,66,0,1,2
p30,47196,86,66,0,0,1
p30,47276,84,64,0,1,2
p30,47277,82,62,0,3,5
p30,47278,80,60,0,4,5
p30,47279,79,59,0,5,6
p30,47280,79,59,0,3,4
p30,47282,79,59,0,2,3
p30,47283,78,58,0,2,3
p30,47284,78,58,0,1,2
p30,47285,78,58,0,0,1
p30,47286,78,58,0,0,1
p30,47312,77,57,0,1,2
p30,47314,76,56,0,2,3
p30,47315,75,55,0,3,4
p30,47316,74,54,0,4,5
p30,47317,73,53,0,5,6
p30,47322,72,52,0,6,7
p30,47324,71,51,0,7,8
p30,47328,71,51,0,7,8
p30,47329,71,51,0,6,7
p30,47334,71,51,0,5,6
p30,47339,71,51,1,5,6
p30,47340,71,51,1,4,4
p30,47341,71,51,1,3,4
p30,47343,71,51,0,3,4
p30,47344,71,51,0,3,4
p30,47345,71,51,0,2,3
p30,47347,71,51,0,1,2
p30,47358,71,51,0,0,1
p30,47400,82,62,0,0,1
p30,47401,102,82,0,0,1
p30,47402,111,91,0,0,1
p30,47440,111,91,1,0,1
p30,47441,111,91,0,0,1
p30,47480,111,91,1,0,1
p30,47485,111,91,0,0,1
p30,47508,111,91,1,0,1
p30,47509,111,91,0,0,1
p30,47513,111,91,0,0,1
p30,47551,111,91,1,0,1
p30,47555,111,91,0,0,1
p30,47727,111,91,0,0,1
p30,47757,110,90,0,1,2
p30,47758,109,89,0,2,3
p30,47766,109,89,1,2,3
p30,47767,109,89,1,1,2
p30,47769,109,89,1,0,1
p30,47771,109,89,0,0,1
p30,47790,108,88,0,1,2
p30,47793,107,87,0,2,3
p30,47795,107,87,0,1,2
p30,47796,106,86,0,2,3
p30,47804,106,86,0,1,2
p30,47810,106,86,0,1,1
p30,47811,106,86,0,0,1
p30,47814,106,86,1,0,1
p30,47824,106,86,0,0,1
p30,47858,105,85,0,1,1
p30,47876,104,84,1,2,1
p30,47877,103,83,1,3,1
p30,47878,103,83,0,3,1
p30,47880,102,82,0,4,1
p30,47881,101,81,0,5,1
p30,47882,100,80,0,6,1
p30,47883,99,79,0,7,1
p30,47885,98,78,0,8,1
p30,47888,98,78,1,8,1
p30,47897,98,78,0,8,1
p30,47910,98,78,1,8,1
p30,47916,98,78,0,8,1
p30,47922,98,78,1,8,1
p30,47925,98,78,0,8,1
p30,47929,97,77,0,9,1
p30,47934,96,76,0,10,1
p30,47940,95,75,0,11,1
p30,47941,94,74,0,12,1
p30,47945,93,73,0,13,1
p30,47947,92,72,0,14,1
p30,47955,92,72,0,14,1
p30,47958,91,71,0,15,1
p30,47965,91,71,1,15,1
p30,47967,91,71,0,15,1
p30,47981,91,71,0,12,3
p30,47982,91,71,0,12,9
p30,47986,91,71,0,11,12
p30,48006,91,71,0,10,11
p30,48008,91,71,0,9,10
p30,48010,91,71,0,8,9
p30,48013,91,71,0,7,8
p30,48024,91,71,0,6,7
p30,48033,91,71,0,5,6
p30,48034,91,71,0,4,5
p30,48045,91,71,0,3,4
p30,48048,91,71,0,2,3
p30,48050,91,71,0,2,3
p30,48057,91,71,0,1,2
p30,48064,91,71,0,0,1
p30,48083,91,71,1,0,1
p30,48085,91,71,0,0,1
p30,48230,91,71,0,0,1
p30,48318,91,71,1,0,1
p30,48319,91,71,0,0,1
p30,48367,90,70,0,1,1
p30,48369,89,69,0,2,1
p30,48395,88,68,0,3,1
p30,48404,87,67,0,4,1
p30,48410,86,66,0,5,1
p30,48429,86,66,0,5,6
p30,48469,86,66,0,5,6
p30,48479,86,66,1,5,6
p30,48483,86,66,0,5,6
p30,48502,86,66,0,4,5
p30,48505,86,66,0,4,5
p30,48507,86,66,0,4,5
p30,48510,86,66,0,3,4
p30,48523,86,66,0,3,4
p30,48525,86,66,0,2,3
p30,48528,86,66,0,1,2
p30,48544,86,66,1,1,2
p30,48545,86,66,0,0,1
p30,48581,83,63,0,3,3
p30,48582,83,63,0,3,4
p30,48583,83,63,0,2,3
p30,48584,83,63,0,0,1
p30,48586,82,62,0,1,2
p30,48591,82,62,1,0,1
p30,48594,82,62,0,0,1
p30,48600,102,82,0,0,1
p30,48601,122,102,0,0,1
p30,48607,121,101,0,1,2
p30,48608,120,100,0,2,3
p30,48609,120,100,0,1,2
p30,48610,119,99,0,2,3
p30,48613,118,98,0,3,4
p30,48616,118,98,0,2,3
p30,48617,118,98,0,1,2
p30,48619,118,98,0,0,1
p30,48624,117,97,0,1,2
p30,48626,117,97,0,1,2
p30,48628,117,97,0,0,1
p30,48633,116,96,0,0,1
p30,48634,115,95,0,1,2
p30,48635,115,95,0,0,1
p30,48645,114,94,0,1,2
p30,48648,113,93,0,1,2
p30,48649,113,93,0,1,1
p30,48650,113,93,0,0,1
p30,48657,112,92,0,1,2
p30,48661,112,92,0,1,2
p30,48664,111,91,0,2,3
p30,48665,111,91,0,2,3
p30,48682,111,91,0,1,2
p30,48685,111,91,1,1,2
p30,48702,111,91,1,1,2
p30,48704,111,91,0,1,2
p30,48707,111,91,1,1,2
p30,48708,111,91,0,1,2
p30,48723,111,91,1,1,2
p30,48732,111,91,0,1,2
p30,48733,111,91,0,0,1
p30,48763,111,91,0,0,1
p30,48789,111,91,2,0,1
p30,48792,111,91,1,0,1
p30,48805,111,91,2,0,1
p30,48806,111,91,1,0,1
p30,48880,111,91,0,0,1
p30,48900,111,91,1,0,1
p30,48903,111,91,2,0,1
p30,48939,111,91,0,0,1
p30,49102,110,90,0,1,1
p30,49105,109,89,0,1,2
p30,49106,109,89,0,1,2
p30,49109,109,89,0,0,1
p30,49110,108,88,0,1,2
p30,49111,108,88,0,1,2
p30,49114,108,88,0,0,1
p30,49117,108,88,1,0,1
p30,49121,108,88,0,0,1
p30,49125,107,87,0,1,2
p30,49128,106,86,0,2,3
p30,49130,106,86,0,1,2
p30,49141,105,85,0,1,2
p30,49145,104,84,0,2,3
p30,49152,104,84,0,2,3
p30,49156,104,84,0,1,2
p30,49171,104,84,1,1,2
p30,49172,104,84,0,1,2
p30,49180,104,84,0,0,1
p30,49184,103,83,0,1,2
p30,49186,103,83,0,0,1
p30,49192,102,82,0,1,2
p30,49193,102,82,0,0,1
p30,49197,101,81,0,1,2
p30,49203,100,80,0,1,2
p30,49205,100,80,0,0,1
p30,49209,99,79,0,1,1
p30,49210,99,79,0,1,2
p30,49212,99,79,0,0,1
p30,49213,98,78,0,1,2
p30,49216,96,76,0,3,4
p30,49217,96,76,0,2,3
p30,49220,96,76,0,1,2
p30,49223,96,76,0,0,1
p30,49225,95,75,0,1,2
p30,49228,94,74,0,2,2
p30,49248,93,73,0,3,2
p30,49250,92,72,0,4,2
p30,49258,92,72,1,4,2
p30,49259,92,72,0,4,2
p30,49283,91,71,0,5,2
p30,49369,91,71,0,5,1
p30,49370,91,71,0,3,4
p30,49393,91,71,0,2,3
p30,49409,91,71,0,1,2
p30,49411,91,71,0,0,1
p30,49571,91,71,0,0,1
p30,49600,91,71,1,0,1
p30,49602,91,71,0,0,1
p30,49656,91,71,1,0,1
p30,49657,91,71,0,0,1
p30,49703,90,70,0,1,1
p30,49709,89,69,0,2,1
p30,49712,88,68,0,3,1
p30,49730,87,67,0,4,1
p30,49741,86,66,0,5,1
p30,49745,86,66,1,5,1
p30,49746,86,66,0,5,1
p30,49756,85,65,0,6,1
p30,49781,84,64,0,7,1
p30,49785,83,63,0,8,1
p30,49786,82,62,0,9,1
p30,49793,81,61,0,10,1
p30,49800,104,84,0,10,1
p30,49801,121,101,0,10,1
p30,49805,120,100,0,11,1
p30,49812,119,99,0,12,1
p30,49817,118,98,0,13,1
p30,49820,117,97,0,14,1
p30,49823,116,96,0,15,1
p30,49825,116,96,0,14,2
p30,49826,116,96,0,10,11
p30,49835,116,96,0,9,10
p30,49837,116,96,0,9,9
p30,49838,116,96,0,8,9
p30,49839,116,96,0,7,8
p30,49848,116,96,0,6,7
p30,49851,116,96,0,5,6
p30,49856,116,96,0,4,5
p30,49861,116,96,0,4,5
p30,49868,116,96,0,3,4
p30,49874,116,96,1,3,4
p30,49875,116,96,0,2,3
p30,49884,116,96,0,1,2
p30,49885,116,96,0,0,1
p30,49896,116,96,1,0,1
p30,49897,116,96,0,0,1
p30,49932,116,96,1,0,1
p30,49933,116,96,0,0,1
p30,49937,116,96,1,0,1
p30,49961,116,96,2,0,1
p30,49969,115,95,2,1,1
p30,49970,114,94,2,2,3
p30,49971,114,94,2,2,2
p30,49972,114,94,2,0,1
p30,49978,114,94,1,0,1
p30,49981,114,94,0,0,1
p30,49994,113,93,0,1,2
p30,49995,113,93,1,0,1
p30,49996,113,93,0,0,1
p30,50009,112,92,0,1,2
p30,50011,111,91,0,2,3
p30,50012,111,91,0,0,1
p30,50091,111,91,1,0,1
p30,50094,111,91,0,0,1
p30,50150,111,91,1,0,1
p30,50200,111,91,2,0,1
p30,50209,111,91,0,0,1
p30,50266,111,91,0,0,1
p30,50276,111,91,0,0,1
p30,50338,111,91,1,0,1
p30,50339,111,91,0,0,1
p30,50362,111,91,1,0,1
p30,50371,111,91,0,0,1
p30,50417,111,91,1,0,1
p30,50418,111,91,1,0,1
p30,50420,111,91,0,0,1
p30,50426,106,86,0,5,5
p30,50427,106,86,0,4,4
p30,50428,106,86,0,3,4
p30,50431,106,86,0,1,2
p30,50433,106,86,0,0,1
p30,50435,105,85,0,1,2
p30,50437,105,85,0,1,2
p30,50438,104,84,0,2,3
p30,50439,103,83,0,3,4
p30,50443,103,83,0,3,3
p30,50444,103,83,0,2,3
p30,50445,103,83,0,2,2
p30,50446,103,83,0,1,2
p30,50447,103,83,0,0,1
p30,50448,102,82,0,0,1
p30,50451,101,81,0,1,1
p30,50452,101,81,0,0,1
p30,50456,100,80,0,1,2
p30,50458,100,80,0,1,2
p30,50460,100,80,0,0,1
p30,50468,99,79,0,1,2
p30,50469,99,79,0,0,1
p30,50475,98,78,0,1,1
p30,50476,98,78,0,0,1
p30,50484,97,77,0,1,2
p30,50485,96,76,0,2,3
p30,50492,96,76,0,2,3
p30,50493,96,76,0,1,2
p30,50494,96,76,0,0,1
p30,50572,94,74,0,2,3
p30,50575,94,74,1,2,3
p30,50577,94,74,1,2,3
p30,50580,94,74,1,1,2
p30,50587,94,74,1,0,1
p30,50591,94,74,0,0,1
p30,50593,93,73,0,1,2
p30,50595,93,73,0,0,1
p30,50602,91,71,0,1,2
p30,50603,91,71,0,0,1
p30,50622,91,71,0,0,1
p30,50675,91,71,1,0,1
p30,50676,91,71,0,0,1
p30,50784,91,71,0,0,1
p30,50787,91,71,2,0,1
p30,50788,91,71,0,0,1
p30,51000,105,85,0,0,1
p30,51001,131,111,0,0,1
p30,51025,130,110,0,1,2
p30,51027,129,109,0,2,3
p30,51028,128,108,0,3,4
p30,51031,126,106,0,5,5
p30,51032,126,106,0,5,6
p30,51033,125,105,0,5,6
p30,51039,125,105,0,4,5
p30,51044,124,104,0,4,5
p30,51046,122,102,0,6,7
p30,51048,121,101,0,7,8
p30,51053,120,100,0,8,9
p30,51060,119,99,0,9,10
p30,51061,118,98,0,10,11
p30,51063,118,98,0,9,10
p30,51076,117,97,0,10,11
p30,51080,117,97,0,8,9
p30,51081,117,97,0,8,9
p30,51082,117,97,0,7,8
p30,51090,116,96,0,8,9
p30,51094,116,96,0,7,8
p30,51095,116,96,0,6,7
p30,51097,116,96,0,4,5
p30,51126,116,96,0,4,5
p30,51180,115,95,0,5,5
p30,51187,114,94,0,6,5
p30,51195,113,93,0,7,5
p30,51202,112,92,0,8,5
p30,51203,111,91,0,9,5
p30,51207,111,91,1,9,5
p30,51230,111,91,1,9,4
p30,51233,111,91,2,9,4
p30,51237,111,91,2,9,3
p30,51248,111,91,2,8,8
p30,51249,111,91,2,8,9
p30,51254,111,91,2,7,8
p30,51256,111,91,2,6,7
p30,51269,111,91,2,5,6
p30,51277,111,91,2,4,5
p30,51282,111,91,2,3,4
p30,51289,111,91,2,2,3
p30,51292,111,91,2,1,2
p30,51293,111,91,2,0,1
p30,51302,111,91,0,0,1
p30,51337,111,91,0,0,1
p30,51367,111,91,1,0,1
p30,51368,111,91,0,0,1
p30,51508,111,91,0,0,1
p30,51527,111,91,1,0,1
p30,51528,111,91,0,0,1
p30,51604,111,91,0,0,1
p30,51633,110,90,0,1,1
p30,51639,109,89,0,2,1
p30,51644,108,88,0,3,1
p30,51652,107,87,0,4,1
p30,51679,106,86,0,5,1
p30,51680,105,85,0,6,1
p30,51683,104,84,0,7,1
p30,51694,103,83,0,8,1
p30,51695,102,82,0,9,1
p30,51697,100,80,0,11,1
p30,51726,100,80,0,11,8
p30,51727,100,80,0,11,12
p30,51783,100,80,0,10,11
p30,51785,100,80,0,9,10
p30,51806,100,80,0,7,8
p30,51810,100,80,0,6,7
p30,51812,100,80,0,6,6
p30,51813,100,80,0,5,6
p30,51814,100,80,0,4,5
p30,51816,100,80,0,3,4
p30,51818,100,80,0,2,3
p30,51821,100,80,1,1,2
p30,51822,100,80,0,1,2
p30,51831,100,80,0,0,1
p30,51848,99,79,0,1,2
p30,51850,99,79,0,0,1
p30,51854,98,78,0,0,1
p30,51856,97,77,0,1,1
p30,51860,97,77,0,0,1
p30,51869,96,76,0,1,2
p30,51870,96,76,0,0,1
p30,51877,95,75,0,1,2
p30,51882,94,74,0,2,3
p30,51885,94,74,0,1,2
p30,51888,94,74,0,0,1
p30,51889,93,73,0,1,2
p30,51891,93,73,0,0,1
p30,51892,92,72,0,1,1
p30,51893,91,71,0,1,2
p30,51894,91,71,0,0,1
p30,51954,91,71,1,0,1
p30,51959,91,71,2,0,1
p30,51973,91,71,3,0,1
p30,51974,91,71,2,0,1
p30,51976,91,71,1,0,1
p30,51977,91,71,0,0,1
p30,52143,91,71,1,0,1
p30,52144,91,71,0,0,1
p30,52150,91,71,1,0,1
p30,52164,91,71,0,0,1
p30,52200,114,94,0,0,1
p30,52201,131,111,0,0,1
p30,52220,131,111,1,0,1
p30,52224,131,111,0,0,1
p30,52289,130,110,0,1,2
p30,52302,130,110,0,0,1
p30,52314,130,110,1,0,1
p30,52315,130,110,0,0,1
p30,52383,129,109,0,1,2
p30,52385,128,108,0,2,2
p30,52386,128,108,0,0,1
p30,52396,128,108,1,0,1
p30,52397,128,108,0,0,1
p30,52400,128,108,1,0,1
p30,52403,128,108,0,0,1
p30,52406,126,106,0,2,2
p30,52407,126,106,0,2,3
p30,52408,126,106,0,1,2
p30,52409,126,106,0,0,1
p30,52410,125,105,0,1,2
p30,52412,124,104,0,2,3
p30,52414,123,103,0,3,4
p30,52416,122,102,0,4,5
p30,52418,120,100,0,6,7
p30,52420,120,100,0,6,7
p30,52426,120,100,0,6,6
p30,52427,120,100,0,5,6
p30,52428,120,100,0,3,4
p30,52429,120,100,0,3,3
p30,52430,120,100,0,2,3
p30,52431,119,99,0,2,3
p30,52432,119,99,0,1,2
p30,52433,119,99,0,0,1
p30,52450,118,98,0,1,1
p30,52451,118,98,0,0,1
p30,52455,117,97,0,0,1
p30,52460,116,96,0,1,2
p30,52462,116,96,0,0,1
p30,52470,115,95,0,1,2
p30,52472,115,95,0,1,2
p30,52473,115,95,0,0,1
p30,52484,114,94,0,1,2
p30,52485,114,94,0,0,1
p30,52488,113,93,0,1,2
p30,52490,112,92,0,2,3
p30,52491,111,91,0,2,3
p30,52493,111,91,0,1,2
p30,52496,111,91,0,1,1
p30,52503,111,91,1,0,1
p30,52507,111,91,0,0,1
p30,52528,111,91,1,0,1
p30,52539,111,91,0,0,1
p30,52543,111,91,1,0,1
p30,52546,111,91,2,0,1
p30,52549,111,91,1,0,1
p30,52551,111,91,0,0,1
p30,52605,111,91,0,0,1
p30,52635,111,91,1,0,1
p30,52670,111,91,0,0,1
p30,52732,111,91,1,0,1
p30,52740,111,91,2,0,1
p30,52748,111,91,1,0,1
p30,52750,111,91,0,0,1
p30,52769,111,91,1,0,1
p30,52770,111,91,0,0,1
p30,52816,111,91,0,0,1
p30,52878,111,91,1,0,1
p30,52879,111,91,0,0,1
p30,52887,111,91,0,0,1
p30,52894,111,91,1,0,1
p30,52900,111,91,0,0,1
p30,52902,110,90,0,1,1
p30,52903,110,90,0,1,2
p30,52915,110,90,0,0,1
p30,52954,110,90,1,0,1
p30,52955,110,90,0,0,1
p30,52981,109,89,0,1,2
p30,52983,108,88,0,2,3
p30,52984,108,88,0,1,2
p30,52993,108,88,0,1,2
p30,52996,108,88,0,0,1
p30,53008,107,87,0,1,2
p30,53009,106,86,0,2,3
p30,53010,106,86,0,2,3
p30,53013,105,85,0,3,4
p30,53015,105,85,0,2,3
p30,53017,105,85,1,2,3
p30,53018,104,84,0,2,3
p30,53019,103,83,0,3,4
p30,53020,103,83,0,2,3
p30,53024,103,83,1,2,3
p30,53025,103,83,0,2,3
p30,53026,102,82,0,2,2
p30,53027,102,82,0,2,3
p30,53028,101,81,0,3,4
p30,53029,101,81,0,2,3
p30,53032,100,80,0,3,3
p30,53033,99,79,0,4,5
p30,53039,99,79,0,3,4
p30,53050,99,79,1,2,3
p30,53051,98,78,0,3,3
p30,53053,97,77,0,4,3
p30,53062,96,76,0,5,3
p30,53073,95,75,0,6,3
p30,53085,94,74,0,7,3
p30,53091,93,73,0,8,3
p30,53093,92,72,0,9,3
p30,53097,91,71,0,10,3
p30,53109,91,71,1,10,3
p30,53112,91,71,0,10,3
p30,53204,91,71,0,10,2
p30,53205,91,71,0,6,7
p30,53207,91,71,0,5,6
p30,53211,91,71,1,5,6
p30,53212,91,71,0,5,6
p30,53213,91,71,0,4,5
p30,53221,91,71,0,3,4
p30,53238,91,71,0,2,3
p30,53239,91,71,0,0,1
p30,53285,91,71,0,0,1
p30,53400,109,89,0,0,1
p30,53401,131,111,0,0,1
p30,53416,131,111,1,0,1
p30,53430,131,111,2,0,1
p30,53449,131,111,1,0,1
p30,53452,131,111,0,0,1
p30,53473,131,111,0,0,1
p30,53477,130,110,0,1,1
p30,53478,130,110,0,1,2
p30,53479,130,110,0,0,1
p30,53580,129,109,0,1,1
p30,53589,129,109,0,1,1
p30,53596,128,108,0,2,1
p30,53615,127,107,0,3,1
p30,53618,126,106,0,4,1
p30,53620,125,105,0,5,1
p30,53626,124,104,0,6,1
p30,53629,123,103,0,7,1
p30,53639,122,102,0,8,1
p30,53650,121,101,0,9,1
p30,53700,121,101,0,7,1
p30,53701,121,101,0,6,7
p30,53705,121,101,0,5,6
p30,53718,121,101,1,5,6
p30,53720,121,101,2,5,6
p30,53725,121,101,1,5,6
p30,53727,121,101,0,4,5
p30,53741,121,101,1,4,5
p30,53743,121,101,1,3,4
p30,53746,121,101,0,3,4
p30,53751,121,101,0,3,3
p30,53752,121,101,0,2,3
p30,53755,121,101,0,0,1
p30,53791,121,101,1,0,1
p30,53792,121,101,0,0,1
p30,53794,120,100,0,1,2
p30,53799,119,99,0,2,3
p30,53804,118,98,0,3,4
p30,53805,117,97,0,4,5
p30,53807,116,96,0,5,5
p30,53808,116,96,0,5,6
p30,53813,115,95,0,6,7
p30,53814,115,95,0,5,6
p30,53816,115,95,0,4,5
p30,53821,114,94,0,5,5
p30,53822,114,94,0,5,6
p30,53827,114,94,0,4,5
p30,53828,114,94,0,4,4
p30,53829,114,94,0,2,3
p30,53832,114,94,0,1,1
p30,53833,114,94,0,0,1
p30,53838,113,93,0,1,2
p30,53839,111,91,0,3,4
p30,53840,111,91,0,2,3
p30,53843,111,91,0,1,2
p30,53852,111,91,0,0,1
p30,53941,111,91,1,0,1
p30,53942,111,91,0,0,1
p30,53995,111,91,1,0,1
p30,54030,111,91,2,0,1
p30,54047,111,91,1,0,1
p30,54054,111,91,2,0,1
p30,54057,111,91,2,0,1
p30,54059,111,91,1,0,1
p30,54079,110,90,1,1,1
p30,54087,110,90,0,1,1
p30,54180,110,90,1,1,1
p30,54184,110,90,0,1,1
p30,54222,110,90,0,1,2
p30,54276,110,90,0,0,1
p30,54301,107,87,0,3,4
p30,54302,107,87,0,2,3
p30,54305,106,86,0,3,4
p30,54327,105,85,0,4,5
p30,54343,104,84,0,5,6
p30,54347,104,84,0,4,5
p30,54348,104,84,0,4,5
p30,54352,103,83,0,5,6
p30,54355,101,81,0,7,8
p30,54369,101,81,0,6,7
p30,54371,101,81,0,5,6
p30,54374,101,81,0,5,6
p30,54375,101,81,0,4,5
p30,54376,101,81,0,3,4
p30,54378,101,81,1,3,4
p30,54379,101,81,0,3,4
p30,54381,101,81,0,1,2
p30,54384,101,81,0,1,1
p30,54385,101,81,0,0,1
p30,54414,100,80,0,0,1
p30,54416,99,79,0,1,1
p30,54417,99,79,0,0,1
p30,54427,98,78,0,1,1
p30,54428,97,77,0,1,2
p30,54429,97,77,0,0,1
p30,54430,96,76,0,1,2
p30,54431,96,76,0,1,1
p30,54432,95,75,0,1,2
p30,54433,94,74,0,2,3
p30,54436,94,74,0,2,2
p30,54437,94,74,0,1,2
p30,54438,94,74,0,0,1
p30,54440,93,73,0,1,2
p30,54443,92,72,0,2,3
p30,54446,92,72,0,1,2
p30,54449,91,71,0,2,2
p30,54450,91,71,0,2,3
p30,54454,91,71,0,1,2
p30,54462,91,71,0,1,2
p30,54464,91,71,0,0,1
p30,54486,91,71,0,0,1
p30,54542,91,71,0,0,1
p30,54573,91,71,1,0,1
p30,54574,91,71,0,0,1
p30,54600,116,96,0,0,1
p30,54601,131,111,0,0,1
p30,54647,131,111,1,0,1
p30,54650,131,111,0,0,1
p30,54682,131,111,1,0,1
p30,54714,131,111,2,0,1
p30,54733,131,111,1,0,1
p30,54736,131,111,2,0,1
p30,54738,131,111,1,0,1
p30,54741,131,111,0,0,1
p30,54876,130,110,0,1,2
p30,54882,130,110,0,1,1
p30,54883,130,110,0,0,1
p30,54891,130,110,0,0,1
p30,54902,129,109,0,1,2
p30,54903,129,109,0,1,2
p30,54904,129,109,0,0,1
p30,54925,129,109,0,0,1
p30,54939,128,108,0,1,2
p30,54940,128,108,0,0,1
p30,54947,127,107,0,1,2
p30,54953,127,107,0,0,1
p30,54964,127,107,1,0,1
p30,54969,126,106,1,1,2
p30,54971,125,105,1,0,1
p30,54976,123,103,1,2,2
p30,54977,123,103,1,1,2
p30,54978,123,103,1,0,1
p30,54981,121,101,1,2,3
p30,54982,121,101,1,1,2
p30,54983,121,101,1,0,1
p30,54984,120,100,1,0,1
p30,54995,120,100,0,0,1
p30,55002,119,99,0,1,2
p30,55003,119,99,0,0,1
p30,55014,118,98,0,1,2
p30,55018,118,98,0,0,1
p30,55026,117,97,0,1,2
p30,55028,117,97,0,0,1
p30,55029,116,96,0,1,2
p30,55030,116,96,0,0,1
p30,55037,115,95,0,1,2
p30,55038,114,94,0,2,3
p30,55042,114,94,0,1,2
p30,55044,114,94,0,0,1
p30,55046,113,93,0,1,2
p30,55047,113,93,0,0,1
p30,55055,111,91,0,1,2
p30,55066,111,91,0,0,1
p30,55098,111,91,0,0,1
p30,55179,111,91,0,0,1
p30,55197,111,91,1,0,1
p30,55200,111,91,0,0,1
p30,55260,111,91,1,0,1
p30,55263,111,91,2,0,1
p30,55271,111,91,1,0,1
p30,55281,111,91,0,0,1
p30,55339,111,91,1,0,1
p30,55350,111,91,0,0,1
p30,55483,110,90,0,1,2
p30,55487,110,90,0,0,1
p30,55504,109,89,0,0,1
p30,55509,108,88,0,1,2
p30,55511,108,88,0,0,1
p30,55515,108,88,1,0,1
p30,55537,107,87,1,1,2
p30,55540,106,86,1,2,3
p30,55541,106,86,2,2,3
p30,55542,106,86,1,2,3
p30,55544,106,86,1,2,3
p30,55547,106,86,1,1,2
p30,55549,105,85,1,2,2
p30,55550,105,85,1,1,2
p30,55551,105,85,0,1,2
p30,55553,104,84,0,2,3
p30,55576,103,83,0,3,4
p30,55578,102,82,0,4,5
p30,55583,101,81,0,5,5
p30,55584,100,80,0,6,7
p30,55589,100,80,0,5,5
p30,55590,100,80,0,4,5
p30,55591,100,80,0,3,4
p30,55594,100,80,0,3,4
p30,55595,100,80,0,3,4
p30,55598,99,79,0,4,5
p30,55599,99,79,0,3,4
p30,55612,99,79,0,2,3
p30,55615,99,79,0,1,2
p30,55616,99,79,0,0,1
p30,55617,99,79,0,0,1
p30,55618,98,78,0,1,2
p30,55619,98,78,0,0,1
p30,55628,97,77,0,1,2
p30,55630,96,76,0,2,3
p30,55642,95,75,0,3,3
p30,55644,94,74,0,4,3
p30,55647,93,73,0,5,3
p30,55655,92,72,0,6,3
p30,55666,91,71,0,7,3
p30,55752,91,71,1,7,3
p30,55753,91,71,0,7,3
p30,55788,91,71,0,6,4
p30,55789,91,71,0,6,7
p30,55800,109,89,0,6,7
p30,55801,130,110,0,6,7
p30,55802,131,111,0,6,7
p30,55803,131,111,0,5,6
p30,55812,131,111,0,4,5
p30,55813,131,111,0,4,5
p30,55821,131,111,0,4,5
p30,55822,131,111,0,4,5
p30,55839,131,111,0,4,5
p30,55853,131,111,0,3,4
p30,55860,131,111,0,2,3
p30,55865,131,111,0,1,2
p30,55869,131,111,0,0,1
p30,55885,131,111,0,0,1
p30,55927,131,111,0,0,1
p30,55955,131,111,1,0,1
p30,55993,131,111,0,0,1
p30,56086,130,110,0,1,2
p30,56089,130,110,0,1,2
p30,56104,129,109,0,2,3
p30,56111,128,108,0,3,4
p30,56147,127,107,0,4,5
p30,56150,126,106,0,5,6
p30,56168,126,106,1,5,6
p30,56169,126,106,0,5,6
p30,56178,125,105,0,6,6
p30,56181,125,105,1,6,6
p30,56186,125,105,3,6,6
p30,56187,125,105,1,6,6
p30,56190,124,104,1,7,6
p30,56191,123,103,1,8,6
p30,56193,123,103,2,8,6
p30,56194,123,103,1,8,6
p30,56199,122,102,1,9,6
p30,56212,121,101,1,10,6
p30,56215,120,100,1,11,6
p30,56216,119,99,1,12,6
p30,56219,118,98,1,13,6
p30,56231,118,98,0,13,6
p30,56299,118,98,1,13,6
p30,56300,118,98,0,13,6
p30,56303,118,98,0,13,5
p30,56307,118,98,0,13,4
p30,56327,118,98,0,13,3
p30,56328,118,98,0,13,2
p30,56336,118,98,0,10,4
p30,56337,118,98,0,10,11
p30,56343,118,98,0,9,10
p30,56347,118,98,0,9,9
p30,56348,118,98,0,8,9
p30,56352,118,98,0,7,8
p30,56362,118,98,0,6,7
p30,56369,118,98,0,5,6
p30,56389,117,97,0,6,7
p30,56392,117,97,0,5,6
p30,56404,116,96,0,6,7
p30,56406,116,96,0,6,6
p30,56407,116,96,0,5,6
p30,56411,116,96,0,4,5
p30,56412,115,95,0,5,6
p30,56419,115,95,0,4,5
p30,56421,115,95,0,3,4
p30,56427,115,95,1,1,2
p30,56428,115,95,0,1,2
p30,56429,115,95,0,1,2
p30,56452,115,95,0,0,1
p30,56453,114,94,0,1,2
p30,56454,114,94,0,0,1
p30,56460,113,93,0,1,2
p30,56464,113,93,0,0,1
p30,56465,112,92,0,1,2
p30,56467,112,92,0,0,1
p30,56469,111,91,0,1,2
p30,56471,111,91,0,0,1
p30,56513,111,91,1,0,1
p30,56514,111,91,0,0,1
p30,56516,111,91,2,0,1
p30,56517,111,91,0,0,1
p30,56568,111,91,0,0,1
p30,56660,111,91,0,0,1
p30,56789,111,91,0,0,1
p30,56936,110,90,0,1,2
p30,56937,108,88,0,3,4
p30,56944,107,87,0,4,5
p30,56948,106,86,0,5,6
p30,56950,106,86,0,5,5
p30,56951,106,86,0,5,6
p30,56952,105,85,0,6,7
p30,56957,105,85,0,6,7
p30,56962,104,84,0,7,8
p30,56969,103,83,0,8,9
p30,56986,103,83,0,8,9
p30,56990,103,83,0,7,8
p30,56992,102,82,0,7,8
p30,56995,102,82,0,7,8
p30,56998,102,82,0,6,7
p30,56999,102,82,0,5,6
p30,57000,119,99,0,5,6
p30,57001,140,120,0,5,6
p30,57007,141,121,0,6,7
p30,57011,140,120,0,7,8
p30,57014,140,120,0,6,7
p30,57019,139,119,0,7,8
p30,57021,138,118,0,8,9
p30,57026,137,117,0,9,10
p30,57027,136,116,0,10,11
p30,57051,136,116,0,9,10
p30,57052,135,115,0,10,11
p30,57054,134,114,0,10,11
p30,57055,134,114,0,9,10
p30,57059,134,114,0,8,9
p30,57060,134,114,0,7,8
p30,57064,133,113,0,8,8
p30,57065,133,113,0,7,8
p30,57066,133,113,0,6,7
p30,57067,132,112,0,7,8
p30,57071,131,111,0,7,8
p30,57074,131,111,0,6,7
p30,57075,131,111,0,5,6
p30,57081,131,111,0,4,5
p30,57083,131,111,0,3,4
p30,57084,131,111,0,3,3
p30,57085,131,111,0,2,3
p30,57089,131,111,0,1,2
p30,57090,131,111,0,0,1
p30,57216,131,111,1,0,1
p30,57221,131,111,2,0,1
p30,57222,131,111,4,0,1
p30,57238,131,111,3,0,1
p30,57240,131,111,2,0,1
p30,57241,131,111,1,0,1
p30,57243,131,111,0,0,1
p30,57469,131,111,1,0,1
p30,57505,131,111,2,0,1
p30,57524,131,111,2,0,1
p30,57526,131,111,1,0,1
p30,57529,131,111,0,0,1
p30,57569,131,111,1,0,1
p30,57574,131,111,2,0,1
p30,57580,131,111,1,0,1
p30,57581,131,111,0,0,1
p30,57590,130,110,0,1,2
p30,57592,129,109,0,2,3
p30,57598,128,108,0,3,3
p30,57599,127,107,1,4,5
p30,57606,127,107,0,4,5
p30,57607,127,107,0,3,4
p30,57615,126,106,0,4,5
p30,57627,126,106,0,4,4
p30,57628,126,106,0,3,4
p30,57637,125,105,0,4,5
p30,57639,125,105,0,4,5
p30,57642,125,105,0,4,5
p30,57644,125,105,0,4,4
p30,57645,124,104,0,5,6
p30,57646,124,104,0,3,4
p30,57647,124,104,0,0,1
p30,57648,123,103,0,1,2
p30,57649,123,103,0,0,1
p30,57651,122,102,0,1,1
p30,57652,122,102,0,0,1
p30,57654,121,101,0,1,2
p30,57658,121,101,0,0,1
p30,57659,120,100,0,0,1
p30,57660,119,99,0,0,1
p30,57666,118,98,0,0,1
p30,57671,117,97,0,1,2
p30,57672,117,97,0,0,1
p30,57674,116,96,0,1,2
p30,57675,115,95,0,2,3
p30,57679,115,95,0,1,2
p30,57681,115,95,0,0,1
p30,57682,114,94,0,0,1
p30,57685,113,93,0,1,2
p30,57688,113,93,0,0,1
p30,57689,112,92,0,1,2
p30,57690,111,91,0,2,3
p30,57697,111,91,0,1,2
p30,57698,111,91,0,0,1
p30,57750,111,91,0,0,1
p30,57758,111,91,1,0,1
p30,57759,111,91,0,0,1
p30,57844,111,91,1,0,1
p30,57845,111,91,0,0,1
p30,57971,111,91,1,0,1
p30,57974,111,91,1,0,1
p30,57986,111,91,0,0,1
p30,58099,111,91,1,0,1
p30,58100,111,91,0,0,1
p30,58140,111,91,1,0,1
p30,58141,111,91,0,0,1
p30,58197,110,90,0,0,1
p30,58200,131,111,0,0,1
p30,58201,149,129,0,1,2
p30,58207,148,128,0,1,2
p30,58208,148,128,0,0,1
p30,58214,147,127,0,1,2
p30,58215,147,127,1,0,1
p30,58216,147,127,0,0,1
p30,58218,146,126,0,1,2
p30,58228,145,125,0,2,3
p30,58231,145,125,0,1,2
p30,58233,145,125,0,0,1
p30,58238,144,124,0,0,1
p30,58239,143,123,1,1,2
p30,58242,142,122,1,2,2
p30,58243,142,122,1,2,3
p30,58245,141,121,1,3,4
p30,58247,139,119,1,5,6
p30,58248,138,118,1,6,7
p30,58250,138,118,1,5,6
p30,58251,138,118,1,4,5
p30,58252,138,118,1,4,4
p30,58253,138,118,1,3,4
p30,58254,138,118,1,2,3
p30,58255,138,118,1,1,2
p30,58256,138,118,0,0,1
p30,58272,137,117,0,0,1
p30,58277,136,116,0,1,2
p30,58278,136,116,0,1,2
p30,58279,135,115,0,1,1
p30,58280,135,115,0,0,1
p30,58282,134,114,0,1,3
p30,58283,133,113,0,2,3
p30,58286,133,113,0,1,2
p30,58288,132,112,0,2,3
p30,58290,132,112,0,0,1
p30,58297,131,111,0,1,2
p30,58298,131,111,0,0,1
p30,58317,131,111,1,0,1
p30,58319,131,111,0,0,1
p30,58342,131,111,1,0,1
p30,58345,131,111,0,0,1
p30,58479,131,111,1,0,1
p30,58480,131,111,0,0,1
p30,58590,131,111,1,0,1
p30,58591,131,111,0,0,1
p30,58621,131,111,1,0,1
p30,58658,131,111,0,0,1
p30,58675,131,111,1,0,1
p30,58715,130,110,1,1,2
p30,58716,130,110,1,0,1
p30,58724,130,110,2,0,1
p30,58725,130,110,1,0,1
p30,58734,130,110,0,0,1
p30,58738,130,110,1,0,1
p30,58742,130,110,0,0,1
p30,58779,130,110,0,0,1
p30,58782,129,109,0,1,2
p30,58788,128,108,0,2,3
p30,58789,128,108,0,1,1
p30,58790,128,108,0,0,1
p30,58791,127,107,0,0,1
p30,58797,126,106,0,1,2
p30,58808,125,105,0,2,3
p30,58814,125,105,0,0,1
p30,58831,124,104,0,1,2
p30,58832,124,104,0,0,1
p30,58833,123,103,0,1,1
p30,58834,123,103,0,0,1
p30,58836,122,102,0,1,2
p30,58837,122,102,0,0,1
p30,58838,121,101,0,1,2
p30,58843,121,101,0,0,1
p30,58850,120,100,0,1,2
p30,58853,119,99,0,2,3
p30,58855,118,98,0,3,4
p30,58861,118,98,0,2,3
p30,58862,118,98,0,1,2
p30,58863,118,98,0,0,1
p30,58870,117,97,0,1,2
p30,58872,116,96,0,1,2
p30,58875,116,96,0,0,1
p30,58879,115,95,0,0,1
p30,58880,114,94,0,1,2
p30,58882,114,94,0,0,1
p30,58886,113,93,0,1,1
p30,58887,113,93,0,1,2
p30,58890,112,92,0,1,2
p30,58898,111,91,0,2,3
p30,58902,111,91,0,1,2
p30,58910,111,91,0,0,1
p30,58965,111,91,2,0,1
p30,58970,111,91,3,0,1
p30,58971,111,91,2,0,1
p30,58993,111,91,1,0,1
p30,58994,111,91,0,0,1
p30,59129,111,91,0,0,1
p30,59246,111,91,0,0,1
p30,59279,111,91,0,0,1
p30,59299,111,91,0,0,1
p30,59304,111,91,1,0,1
p30,59308,111,91,1,0,1
p30,59309,111,91,0,0,1
p30,59316,110,90,0,1,2
p30,59319,110,90,0,1,2
p30,59320,110,90,0,0,1
p30,59355,110,90,1,0,1
p30,59365,110,90,2,0,1
p30,59366,110,90,3,0,1
p30,59375,110,90,2,0,1
p30,59376,110,90,1,0,1
p30,59379,110,90,0,0,1
p30,59389,108,88,0,2,3
p30,59392,107,87,0,3,4
p30,59400,125,105,0,3,4
p30,59401,147,127,0,3,4
p30,59403,147,127,0,2,3
p30,59405,147,127,0,1,2
p30,59407,147,127,0,1,1
p30,59408,147,127,0,0,1
p30,59414,145,125,0,2,3
p30,59421,145,125,0,1,2
p30,59423,145,125,0,0,1
p30,59433,144,124,0,1,2
p30,59434,143,123,0,2,3
p30,59437,142,122,0,3,4
p30,59443,141,121,0,4,5
p30,59447,141,121,0,3,4
p30,59448,141,121,0,2,3
p30,59449,141,121,1,1,2
p30,59450,141,121,0,1,2
p30,59451,141,121,0,0,1
p30,59454,140,120,0,0,1
p30,59461,138,118,0,2,3
p30,59464,138,118,0,1,2
p30,59465,138,118,0,0,1
p30,59467,137,117,0,1,2
p30,59472,136,116,0,2,3
p30,59480,135,115,0,3,4
p30,59482,134,114,0,4,5
p30,59490,133,113,0,5,6
p30,59502,132,112,0,6,7
p30,59507,132,112,0,5,6
p30,59509,132,112,0,4,5
p30,59510,131,111,0,5,6
p30,59513,131,111,0,4,5
p30,59514,131,111,0,3,4
p30,59519,131,111,0,2,3
p30,59521,131,111,0,1,2
p30,59522,131,111,0,1,2
p30,59524,131,111,0,0,1
p30,59541,131,111,1,0,1
p30,59632,131,111,0,0,1
p30,59636,131,111,0,0,1
p30,59668,131,111,1,0,1
p30,59671,131,111,0,0,1
p30,59684,131,111,1,0,1
p30,59688,131,111,0,0,1
p30,59697,131,111,1,0,1
p30,59699,131,111,2,0,1
p30,59702,131,111,3,0,1
p30,59718,131,111,2,0,1
p30,59719,131,111,1,0,1
p30,59721,131,111,2,0,1
p30,59723,131,111,1,0,1
p30,59730,131,111,0,0,1
p30,59741,131,111,1,0,1
p30,59742,131,111,0,0,1
p30,59764,131,111,1,0,1
p30,59765,131,111,0,0,1
p30,59783,131,111,0,0,1
p30,59789,131,111,0,0,1
p30,59808,131,111,0,0,1
p30,59813,131,111,1,0,1
p30,59822,131,111,0,0,1
p30,59916,131,111,0,0,1
p30,59920,130,110,0,1,2
p30,59922,130,110,0,1,1
p30,59923,130,110,0,1,2
p30,59941,130,110,0,1,2
p30,59954,130,110,0,0,1
p30,60002,129,109,0,1,2
p30,60003,129,109,0,1,3
p30,60004,128,108,0,2,3
p30,60005,127,107,0,3,4
p30,60006,127,107,0,3,4
p30,60007,126,106,0,4,5
p30,60008,126,106,0,3,4
p30,60014,126,106,0,2,3
p30,60017,126,106,0,2,2
p30,60018,126,106,0,1,2
p30,60020,126,106,0,1,2
p30,60023,125,105,0,2,3
p30,60026,125,105,0,2,3
p30,60036,125,105,0,2,2
p30,60037,125,105,0,0,1
p30,60048,122,102,0,3,4
p30,60049,121,101,0,4,5
p30,60050,121,101,0,4,5
p30,60051,120,100,0,5,6
p30,60052,120,100,0,4,5
p30,60054,119,99,0,5,6
p30,60063,119,99,1,5,6
p30,60064,118,98,0,6,7
p30,60065,117,97,0,7,8
p30,60066,117,97,0,6,7
p30,60072,117,97,0,6,6
p30,60073,117,97,0,5,6
p30,60103,117,97,0,4,5
p30,60105,117,97,0,4,5
p30,60107,116,96,0,5,6
p30,60113,115,95,1,6,7
p30,60114,114,94,1,7,8
p30,60115,114,94,1,6,7
p30,60117,114,94,0,6,7
p30,60119,113,93,0,7,8
p30,60121,112,92,0,7,8
p30,60122,112,92,0,6,7
p30,60124,111,91,0,7,8
p30,60130,111,91,0,7,7
p30,60131,111,91,0,5,6
p30,60133,111,91,0,5,6
p30,60134,111,91,0,4,5
p30,60135,111,91,0,3,4
p30,60140,111,91,0,2,3
p30,60149,111,91,0,1,2
p30,60151,111,91,0,1,1
p30,60152,111,91,0,0,1
p30,60184,111,91,2,0,1
p30,60185,111,91,2,0,1
p30,60187,111,91,1,0,1
p30,60188,111,91,0,0,1
p30,60376,111,91,1,0,1
p30,60377,111,91,0,0,1
p30,60386,111,91,1,0,1
p30,60390,111,91,0,0,1
p30,60451,111,91,0,0,1
p30,60452,111,91,1,0,1
p30,60453,111,91,0,0,1
p30,60456,111,91,0,0,1
p30,60467,111,91,0,0,1
p30,60504,111,91,0,0,1
p30,60507,111,91,0,0,1
p30,60518,111,91,2,0,1
p30,60519,111,91,0,0,1
p30,60554,110,90,0,1,2
p30,60564,110,90,0,1,1
p30,60565,110,90,0,0,1
p30,60568,110,90,0,0,1
p30,60600,126,106,0,0,1
p30,60601,150,130,0,0,1
p30,60608,149,129,0,1,2
p30,60614,148,128,0,2,3
p30,60618,147,127,1,3,4
p30,60621,147,127,0,3,4
p30,60623,147,127,0,3,4
p30,60637,146,126,0,4,5
p30,60638,145,125,0,5,6
p30,60650,145,125,0,4,5
p30,60651,145,125,0,3,4
p30,60652,144,124,0,3,4
p30,60666,143,123,0,4,5
p30,60673,142,122,0,5,6
p30,60703,141,121,0,6,7
p30,60709,141,121,0,6,7
p30,60715,140,120,0,7,8
p30,60721,139,119,0,8,9
p30,60722,138,118,0,9,10
p30,60731,136,116,0,11,12
p30,60733,135,115,0,12,13
p30,60735,134,114,0,13,14
p30,60740,133,113,0,14,15
p30,60749,132,112,0,15,16
p30,60752,131,111,0,16,17
p30,60765,131,111,0,16,17
p30,60769,131,111,0,16,17
p30,60773,131,111,0,15,16
p30,60775,131,111,0,15,16
p30,60780,131,111,0,15,15
p30,60781,131,111,0,14,15
p30,60782,131,111,0,13,14
p30,60788,131,111,0,13,14
p30,60789,131,111,1,13,14
p30,60791,131,111,1,13,14
p30,60792,131,111,1,12,13
p30,60793,131,111,0,12,13
p30,60794,131,111,2,12,13
p30,60795,131,111,1,12,13
p30,60799,131,111,1,11,11
p30,60800,131,111,1,10,11
p30,60801,131,111,0,10,11
p30,60804,131,111,0,9,10
p30,60821,131,111,0,9,10
p30,60846,131,111,0,9,10
p30,60873,131,111,1,9,10
p30,60874,131,111,0,9,10
p30,60898,131,111,1,9,10
p30,60923,131,111,1,9,9
p30,60965,131,111,1,9,8
p30,60967,131,111,1,9,7
p30,60972,131,111,1,9,6
p30,60973,131,111,1,9,5
p30,60976,131,111,1,9,4
p30,60981,131,111,1,9,3
p30,60984,131,111,2,9,3
p30,60989,131,111,2,3,4
p30,60990,131,111,2,0,1
p30,60992,131,111,1,0,1
p30,60997,131,111,2,0,1
p30,61008,131,111,1,0,1
p30,61009,131,111,0,0,1
p30,61029,131,111,0,0,1
p30,61052,131,111,0,0,1
p30,61164,130,110,0,1,2
p30,61167,130,110,0,0,1
p30,61222,130,110,0,0,1
p30,61233,129,109,0,1,2
p30,61234,129,109,0,1,1
p30,61235,129,109,0,0,1
p30,61248,128,108,0,1,2
p30,61252,127,107,0,2,3
p30,61258,127,107,0,1,2
p30,61262,127,107,0,0,1
p30,61316,127,107,2,0,1
p30,61318,127,107,0,0,1
p30,61373,126,106,0,1,2
p30,61381,125,105,0,2,3
p30,61383,124,104,0,3,4
p30,61387,124,104,0,2,3
p30,61392,123,103,0,3,4
p30,61399,122,102,0,4,5
p30,61400,121,101,0,5,6
p30,61404,120,100,0,6,6
p30,61459,120,100,0,6,6
p30,61516,120,100,1,6,6
p30,61517,120,100,0,6,6
p30,61549,119,99,0,7,6
p30,61580,119,99,0,7,5
p30,61582,118,98,0,8,5
p30,61584,118,98,0,8,4
p30,61587,118,98,0,8,3
p30,61588,116,96,0,10,3
p30,61589,114,94,0,12,3
p30,61590,111,91,0,10,11
p30,61591,111,91,0,7,8
p30,61592,111,91,0,3,4
p30,61593,111,91,0,2,3
p30,61594,111,91,0,1,2
p30,61596,111,91,0,0,1
p30,61717,111,91,1,0,1
p30,61718,111,91,0,0,1
p30,61752,111,91,1,0,1
p30,61755,111,91,0,0,1
p30,61768,110,90,0,1,2
p30,61772,110,90,0,1,2
p30,61780,110,90,0,0,1
p30,61800,124,104,0,0,1
p30,61801,150,130,0,0,1
p30,61835,149,129,0,1,2
p30,61836,149,129,0,0,1
p30,61854,149,129,0,0,1
p30,61858,148,128,0,1,2
p30,61862,147,127,0,2,3
p30,61868,147,127,0,1,2
p30,61872,147,127,0,0,1
p30,61987,146,126,0,1,1
p30,61988,146,126,0,1,2
p30,61994,146,126,1,1,2
p30,61995,146,126,0,1,2
p30,62051,146,126,1,1,2
p30,62054,146,126,0,1,2
p30,62103,146,126,0,1,2
p30,62107,146,126,1,1,2
p30,62110,146,126,0,1,2
p30,62129,145,125,0,2,2
p30,62144,144,124,0,3,2
p30,62153,143,123,0,4,2
p30,62186,141,121,0,6,2
p30,62187,140,120,0,7,2
p30,62188,139,119,0,8,2
p30,62189,138,118,0,9,2
p30,62190,134,114,0,13,2
p30,62193,132,112,0,15,2
p30,62196,131,111,0,16,2
p30,62202,131,111,0,16,1
p30,62217,131,111,0,12,7
p30,62218,131,111,0,12,9
p30,62219,131,111,0,10,11
p30,62225,131,111,0,10,11
p30,62226,131,111,0,9,10
p30,62230,131,111,1,9,10
p30,62232,131,111,1,8,9
p30,62233,131,111,1,7,8
p30,62236,131,111,1,6,7
p30,62237,131,111,0,4,5
p30,62238,131,111,0,3,4
p30,62240,131,111,0,2,3
p30,62242,131,111,0,1,2
p30,62246,131,111,0,0,1
p30,62255,131,111,1,0,1
p30,62278,131,111,2,0,1
p30,62283,131,111,1,0,1
p30,62284,131,111,0,0,1
p30,62300,131,111,1,0,1
p30,62312,131,111,0,0,1
p30,62380,130,110,0,1,2
p30,62391,130,110,0,0,1
p30,62436,129,109,0,0,1
p30,62460,129,109,0,0,1
p30,62468,128,108,0,0,1
p30,62472,127,107,0,1,2
p30,62473,127,107,0,0,1
p30,62520,127,107,0,0,1
p30,62539,127,107,0,0,1
p30,62569,127,107,0,0,1
p30,62689,127,107,0,0,1
p30,62727,127,107,0,0,1
p30,62735,127,107,1,0,1
p30,62749,127,107,0,0,1
p30,62796,127,107,2,0,1
p30,62797,127,107,3,0,1
p30,62800,127,107,2,0,1
p30,62804,127,107,1,0,1
p30,62805,127,107,0,0,1
p30,62807,126,106,0,1,1
p30,62817,122,102,0,5,1
p30,62818,121,101,0,6,1
p30,62819,120,100,0,7,1
p30,62823,119,99,0,8,1
p30,62829,118,98,0,9,1
p30,62833,116,96,0,11,1
p30,62834,116,96,0,11,2
p30,62835,116,96,0,11,12
p30,62837,114,94,0,13,14
p30,62838,113,93,0,14,15
p30,62845,111,91,0,16,17
p30,62866,111,91,0,15,16
p30,62871,111,91,0,13,14
p30,62881,111,91,0,12,13
p30,62883,111,91,0,11,12
p30,62884,111,91,0,9,10
p30,62886,111,91,0,9,10
p30,62887,111,91,0,8,9
p30,62889,111,91,0,8,9
p30,62890,111,91,0,7,8
p30,62893,111,91,0,5,6
p30,62900,111,91,0,4,5
p30,62903,111,91,0,3,4
p30,62910,111,91,0,1,2
p30,62912,111,91,0,0,1
p30,62982,111,91,0,0,1
p30,62991,110,90,0,1,2
p30,62992,110,90,0,0,1
p30,63000,125,105,0,0,1
p30,63001,146,126,0,0,1
p30,63002,150,130,0,0,1
p30,63036,149,129,0,1,2
p30,63052,149,129,0,0,1
p30,63066,148,128,0,0,1
p30,63074,147,127,0,1,2
p30,63078,147,127,0,0,1
p30,63329,147,127,1,0,1
p30,63342,147,127,0,0,1
p30,63427,146,126,0,1,1
p30,63439,145,125,0,2,1
p30,63442,144,124,0,3,1
p30,63467,143,123,0,4,1
p30,63468,142,122,0,5,1
p30,63481,141,121,0,6,1
p30,63483,139,119,0,8,1
p30,63484,139,119,0,4,5
p30,63489,138,118,0,5,6
p30,63490,138,118,0,4,5
p30,63493,136,116,0,6,7
p30,63498,136,116,0,5,6
p30,63500,135,115,0,6,7
p30,63501,134,114,0,7,8
p30,63506,134,114,0,6,7
p30,63510,133,113,0,7,8
p30,63511,132,112,0,8,9
p30,63512,131,111,0,8,9
p30,63530,131,111,0,7,8
p30,63536,131,111,0,6,7
p30,63550,131,111,0,5,5
p30,63551,131,111,0,5,6
p30,63552,131,111,0,5,6
p30,63554,131,111,0,4,5
p30,63558,131,111,0,3,4
p30,63559,131,111,0,2,3
p30,63560,131,111,0,1,2
p30,63561,131,111,0,0,1
p30,63592,130,110,0,1,2
p30,63593,130,110,0,0,1
p30,63626,129,109,0,1,2
p30,63627,129,109,0,0,1
p30,63652,128,108,0,0,1
p30,63660,128,108,1,0,1
p30,63661,128,108,0,0,1
p30,63678,127,107,0,1,2
p30,63679,127,107,0,0,1
p30,63754,127,107,1,0,1
p30,63756,127,107,2,0,1
p30,63757,127,107,1,0,1
p30,63758,127,107,0,0,1
p30,63875,127,107,1,0,1
p30,63879,127,107,0,0,1
p30,64072,127,107,1,0,1
p30,64074,127,107,0,0,1
p30,64084,123,103,0,4,1
p30,64090,122,102,0,5,1
p30,64098,121,101,0,6,1
p30,64106,120,100,0,7,1
p30,64112,119,99,0,8,1
p30,64117,119,99,1,8,1
p30,64119,119,99,0,8,1
p30,64130,118,98,0,9,1
p30,64132,118,98,0,9,6
p30,64133,118,98,0,9,10
p30,64134,118,98,0,9,10
p30,64136,117,97,0,10,11
p30,64137,117,97,0,10,10
p30,64138,117,97,0,10,11
p30,64140,117,97,0,10,11
p30,64143,117,97,0,10,11
p30,64147,117,97,0,10,11
p30,64150,116,96,0,11,12
p30,64154,115,95,0,12,13
p30,64155,114,94,0,13,14
p30,64158,113,93,0,14,15
p30,64159,112,92,0,15,16
p30,64160,111,91,0,16,17
p30,64193,110,90,0,17,18
p30,64200,124,104,0,17,18
p30,64201,150,130,0,17,18
p30,64215,149,129,0,18,19
p30,64217,149,129,0,17,18
p30,64220,149,129,0,16,17
p30,64225,149,129,0,15,16
p30,64226,149,129,0,14,15
p30,64231,149,129,0,13,14
p30,64232,149,129,0,12,13
p30,64235,149,129,0,11,11
p30,64236,149,129,0,9,10
p30,64237,149,129,0,8,9
p30,64248,149,129,0,7,8
p30,64249,149,129,0,7,7
p30,64252,148,128,0,7,7
p30,64253,148,128,0,7,7
p30,64254,148,128,0,6,7
p30,64255,148,128,0,5,6
p30,64257,148,128,0,4,5
p30,64258,148,128,1,4,5
p30,64261,148,128,1,3,4
p30,64262,148,128,0,3,4
p30,64267,148,128,0,2,3
p30,64268,148,128,0,1,2
p30,64271,148,128,0,0,1
p30,64279,147,127,0,1,2
p30,64281,147,127,0,0,1
p30,64332,147,127,0,0,1
p30,64473,147,127,0,0,1
p30,64581,147,127,1,0,1
p30,64582,147,127,1,0,1
p30,64583,147,127,0,0,1
p30,64685,147,127,1,0,1
p30,64707,146,126,1,1,1
p30,64740,146,126,0,1,1
p30,64785,146,126,1,1,1
p30,64809,146,126,2,1,1
p30,64810,146,126,3,0,1
p30,64820,145,125,3,1,2
p30,64823,145,125,3,0,1
p30,64824,145,125,2,0,1
p30,64825,144,124,2,1,1
p30,64826,143,123,1,2,3
p30,64830,143,123,1,2,2
p30,64831,142,122,1,3,4
p30,64832,141,121,1,4,5
p30,64833,140,120,0,5,5
p30,64834,140,120,0,5,6
p30,64836,139,119,0,6,7
p30,64837,137,117,0,8,9
p30,64838,137,117,0,7,8
p30,64839,137,117,0,6,7
p30,64840,137,117,1,6,7
p30,64841,137,117,0,6,7
p30,64843,137,117,0,5,6
p30,64848,136,116,0,6,7
p30,64849,135,115,0,7,8
p30,64854,134,114,0,8,9
p30,64855,133,113,0,9,10
p30,64857,132,112,0,10,11
p30,64861,131,111,0,11,12
p30,64867,129,109,0,13,14
p30,64868,128,108,0,14,15
p30,64875,128,108,0,13,14
p30,64882,127,107,0,14,15
p30,64883,127,107,0,14,14
p30,64884,127,107,0,13,14
p30,64887,127,107,0,13,13
p30,64888,127,107,0,12,13
p30,64898,127,107,0,11,12
p30,64914,127,107,0,10,11
p30,64918,127,107,0,9,10
p30,64920,127,107,0,9,10
p30,64925,127,107,0,8,9
p30,64926,127,107,0,8,9
p30,64929,127,107,0,7,8
p30,64937,127,107,0,7,8
p30,64945,127,107,0,6,7
p30,64950,127,107,0,5,6
p30,64952,127,107,0,3,4
p30,64957,127,107,0,2,3
p30,64960,127,107,0,2,2
p30,64961,127,107,0,1,2
p30,64964,127,107,0,1,1
p30,64965,127,107,0,0,1
p30,64994,127,107,1,0,1
p30,64995,127,107,0,0,1
p30,65034,127,107,0,0,1
p30,65187,127,107,1,0,1
p30,65188,127,107,0,0,1
p30,65400,145,125,0,0,1
p30,65401,167,147,0,0,1
p30,65410,166,146,0,1,1
p30,65423,165,145,0,2,1
p30,65427,165,145,1,2,1
p30,65428,165,145,0,2,1
p30,65432,165,145,1,2,1
p30,65438,164,144,1,3,1
p30,65439,163,143,1,4,1
p30,65443,162,142,1,5,1
p30,65445,162,142,2,5,1
p30,65458,162,142,1,5,1
p30,65460,162,142,0,5,1
p30,65476,161,141,0,6,1
p30,65484,160,140,0,7,1
p30,65488,159,139,0,8,1
p30,65498,158,138,0,9,1
p30,65505,158,138,0,3,4
p30,65507,158,138,0,2,3
p30,65509,158,138,0,2,2
p30,65514,157,137,0,2,3
p30,65518,156,136,0,3,4
p30,65524,156,136,0,2,3
p30,65525,155,135,0,3,4
p30,65529,154,134,0,4,5
p30,65532,154,134,0,3,4
p30,65545,153,133,0,4,5
p30,65550,152,132,0,4,5
p30,65552,150,130,0,6,7
p30,65553,150,130,0,5,6
p30,65557,149,129,0,6,7
p30,65561,148,128,0,7,8
p30,65564,147,127,0,8,9
p30,65583,147,127,0,7,8
p30,65604,147,127,0,7,8
p30,65619,147,127,0,6,7
p30,65620,147,127,1,6,7
p30,65622,147,127,0,6,7
p30,65630,147,127,0,5,6
p30,65632,147,127,0,4,5
p30,65651,147,127,0,3,4
p30,65654,147,127,0,3,4
p30,65661,147,127,0,3,3
p30,65662,147,127,0,2,3
p30,65669,147,127,0,2,3
p30,65679,147,127,0,1,2
p30,65684,147,127,0,0,1
p30,65805,147,127,1,0,1
p30,65812,147,127,0,0,1
p30,65826,147,127,0,0,1
p30,66060,147,127,1,0,1
p30,66061,147,127,0,0,1
p30,66084,147,127,1,0,1
p30,66105,141,121,1,6,1
p30,66107,140,120,1,7,1
p30,66109,139,119,1,8,1
p30,66124,138,118,1,9,1
p30,66129,138,118,2,9,1
p30,66130,138,118,1,9,1
p30,66132,137,117,1,10,1
p30,66148,137,117,0,10,1
p30,66150,136,116,0,11,1
p30,66153,135,115,0,12,1
p30,66167,135,115,1,12,1
p30,66171,135,115,0,12,1
p30,66183,134,114,0,13,1
p30,66201,134,114,0,13,2
p30,66202,134,114,0,13,14
p30,66219,133,113,0,14,15
p30,66224,133,113,0,14,15
p30,66230,132,112,0,15,16
p30,66232,131,111,0,16,16
p30,66233,131,111,0,16,17
p30,66251,130,110,0,17,18
p30,66262,129,109,0,18,19
p30,66279,128,108,0,19,20
p30,66284,127,107,0,20,21
p30,66388,127,107,0,20,21
p30,66390,127,107,0,20,20
p30,66391,127,107,0,19,20
p30,66395,127,107,0,18,19
p30,66399,127,107,0,17,18
p30,66401,127,107,0,16,17
p30,66410,127,107,0,15,16
p30,66412,127,107,0,14,15
p30,66413,127,107,0,12,13
p30,66418,127,107,0,10,11
p30,66420,127,107,0,9,10
p30,66423,127,107,0,8,9
p30,66424,127,107,0,7,8
p30,66427,127,107,0,6,7
p30,66428,127,107,0,6,7
p30,66433,127,107,0,5,6
p30,66436,127,107,0,4,5
p30,66444,127,107,0,3,4
p30,66445,127,107,0,2,3
p30,66448,127,107,0,1,2
p30,66451,127,107,0,0,1
p30,66600,145,125,0,0,1
p30,66601,167,147,0,0,1
p30,66733,167,147,1,0,1
p30,66756,167,147,3,0,1
p30,66790,167,147,2,0,1
p30,66793,167,147,0,0,1
p30,66964,166,146,0,1,2
p30,66968,166,146,0,0,1
p30,66976,164,144,0,2,1
p30,66977,164,144,0,2,3
p30,66988,164,144,0,1,2
p30,66996,163,143,0,2,3
p30,66998,163,143,0,1,2
p30,66999,162,142,0,2,3
p30,67001,160,140,0,4,5
p30,67010,159,139,0,5,6
p30,67013,158,138,0,6,7
p30,67014,157,137,0,7,8
p30,67018,156,136,0,8,9
p30,67020,155,135,0,9,10
p30,67023,154,134,0,10,11
p30,67025,154,134,0,10,11
p30,67027,153,133,0,11,12
p30,67032,152,132,0,12,12
p30,67033,152,132,0,12,13
p30,67036,151,131,0,13,14
p30,67044,150,130,0,14,15
p30,67045,149,129,0,15,16
p30,67048,148,128,0,16,17
p30,67051,147,127,0,17,18
p30,67077,147,127,0,16,17
p30,67083,147,127,0,16,16
p30,67084,147,127,0,15,16
p30,67085,147,127,0,14,15
p30,67087,147,127,0,13,14
p30,67133,147,127,0,12,13
p30,67145,147,127,0,12,12
p30,67146,147,127,0,11,12
p30,67150,147,127,0,11,12
p30,67166,147,127,0,10,11
p30,67173,147,127,0,9,10
p30,67174,147,127,0,9,10
p30,67175,147,127,0,8,9
p30,67195,147,127,0,8,8
p30,67196,147,127,0,7,8
p30,67200,147,127,0,7,8
p30,67204,147,127,0,5,6
p30,67205,147,127,0,4,5
p30,67206,147,127,0,1,2
p30,67207,147,127,0,0,1
p30,67296,147,127,0,0,1
p30,67339,147,127,0,0,1
p30,67352,147,127,0,0,1
p30,67375,147,127,1,0,1
p30,67377,147,127,2,0,1
p30,67382,147,127,2,0,1
p30,67391,147,127,1,0,1
p30,67403,147,127,0,0,1
p30,67568,146,126,0,1,1
p30,67580,146,126,1,1,1
p30,67581,146,126,0,1,1
p30,67588,145,125,0,2,1
p30,67598,144,124,0,3,1
p30,67630,144,124,1,3,1
p30,67631,144,124,0,3,1
p30,67677,143,123,0,4,1
p30,67684,142,122,0,5,1
p30,67685,141,121,0,1,2
p30,67687,140,120,0,2,3
p30,67698,140,120,0,1,2
p30,67701,140,120,0,1,2
p30,67733,139,119,0,2,2
p30,67734,139,119,0,2,3
p30,67739,138,118,0,3,4
p30,67746,137,117,0,4,5
p30,67767,136,116,0,5,6
p30,67773,135,115,0,6,7
p30,67775,134,114,0,7,8
p30,67789,133,113,0,8,9
p30,67796,132,112,0,9,10
p30,67800,147,127,0,9,10
p30,67801,172,152,0,9,10
p30,67805,170,150,0,11,12
p30,67806,168,148,0,13,13
p30,67807,167,147,0,14,15
p30,67956,167,147,0,14,15
p30,67958,167,147,0,14,14
p30,67959,167,147,0,12,13
p30,67960,167,147,0,12,12
p30,67961,167,147,0,9,10
p30,67962,167,147,0,7,8
p30,67963,167,147,0,5,5
p30,67964,167,147,0,4,4
p30,67965,167,147,0,1,2
p30,67966,167,147,0,0,1
p30,68037,167,147,1,0,1
p30,68048,167,147,0,0,1
p30,68071,167,147,1,0,1
p30,68072,167,147,0,0,1
p30,68238,167,147,1,0,1
p30,68239,167,147,0,0,1
p30,68284,166,146,0,1,1
p30,68285,162,142,0,5,1
p30,68298,161,141,0,6,1
p30,68337,161,141,1,6,1
p30,68339,161,141,0,6,1
p30,68404,161,141,1,6,1
p30,68413,161,141,2,6,1
p30,68427,161,141,3,6,1
p30,68429,161,141,4,6,1
p30,68431,161,141,5,6,1
p30,68433,161,141,6,6,1
p30,68436,161,141,7,6,1
p30,68438,161,141,6,6,1
p30,68439,161,141,5,6,1
p30,68443,161,141,4,6,1
p30,68444,161,141,3,6,1
p30,68447,161,141,2,6,1
p30,68448,161,141,0,6,1
p30,68463,161,141,0,2,3
p30,68468,160,140,0,2,3
p30,68471,160,140,0,1,2
p30,68472,160,140,0,0,1
p30,68499,160,140,0,0,1
p30,68525,159,139,0,1,2
p30,68526,158,138,0,2,3
p30,68531,158,138,0,1,2
p30,68533,157,137,0,2,3
p30,68546,157,137,1,2,3
p30,68547,157,137,0,2,3
p30,68557,156,136,0,3,4
p30,68559,154,134,0,5,6
p30,68560,152,132,0,7,7
p30,68561,152,132,0,7,8
p30,68562,151,131,0,8,9
p30,68563,150,130,0,9,10
p30,68565,148,128,0,11,12
p30,68566,147,127,0,12,13
p30,68576,147,127,0,11,12
p30,68588,147,127,0,10,11
p30,68591,147,127,0,10,10
p30,68592,147,127,0,9,10
p30,68610,147,127,0,8,9
p30,68620,147,127,0,7,8
p30,68647,147,127,0,6,7
p30,68651,147,127,0,5,6
p30,68656,147,127,0,4,5
p30,68667,147,127,0,3,4
p30,68689,147,127,0,2,3
p30,68705,147,127,0,1,2
p30,68708,147,127,0,0,1
p30,68751,147,127,1,0,1
p30,68752,147,127,0,0,1
p30,68772,147,127,1,0,1
p30,68779,147,127,0,0,1
p30,69000,169,149,0,0,1
p30,69001,187,167,0,0,1
p30,69039,187,167,1,0,1
p30,69055,187,167,1,0,1
p30,69063,183,163,1,4,1
p30,69068,182,162,1,5,1
p30,69071,181,161,1,6,1
p30,69072,180,160,2,7,1
p30,69100,180,160,1,7,1
p30,69106,180,160,2,7,1
p30,69107,180,160,1,7,1
p30,69115,180,160,0,7,1
p30,69131,179,159,0,8,1
p30,69148,179,159,1,8,1
p30,69150,179,159,0,8,1
p30,69176,178,158,0,9,1
p30,69188,177,157,0,10,1
p30,69192,176,156,0,11,1
p30,69210,175,155,0,12,1
p30,69211,175,155,1,12,1
p30,69212,175,155,0,12,1
p30,69215,175,155,1,12,1
p30,69216,175,155,0,12,1
p30,69218,175,155,0,10,1
p30,69219,175,155,0,8,9
p30,69220,174,154,0,9,10
p30,69227,174,154,0,8,9
p30,69231,174,154,0,7,8
p30,69242,174,154,0,6,7
p30,69243,174,154,0,5,6
p30,69247,173,153,0,6,7
p30,69251,172,152,0,6,7
p30,69252,172,152,0,5,6
p30,69256,171,151,0,6,7
p30,69267,170,150,0,7,8
p30,69269,170,150,0,6,7
p30,69279,170,150,0,5,6
p30,69289,169,149,0,6,6
p30,69290,169,149,0,5,6
p30,69297,169,149,0,4,5
p30,69305,168,148,0,5,6
p30,69308,167,147,0,6,7
p30,69328,167,147,0,5,6
p30,69329,167,147,0,4,5
p30,69330,167,147,0,3,4
p30,69371,167,147,0,2,3
p30,69391,167,147,0,1,2
p30,69408,167,147,0,0,1
p30,69692,167,147,1,0,1
p30,69694,167,147,3,0,1
p30,69707,167,147,4,0,1
p30,69735,167,147,4,0,1
p30,69779,167,147,3,0,1
p30,69780,167,147,2,0,1
p30,69782,167,147,0,0,1
p30,69792,167,147,1,0,1
p30,69794,167,147,0,0,1
p30,69819,163,143,0,4,1
p30,69827,162,142,0,5,1
p30,69831,161,141,0,6,1
p30,69842,160,140,0,7,1
p30,69843,159,139,0,8,1
p30,69851,158,138,0,9,1
p30,69852,157,137,0,10,1
p30,69855,157,137,0,10,1
p30,69869,156,136,0,11,1
p30,69879,155,135,0,12,1
p30,69890,154,134,0,13,1
p30,69897,153,133,0,14,1
p30,69928,152,132,0,15,1
p30,69929,151,131,0,16,1
p30,69930,150,130,0,17,1
p30,69963,150,130,0,17,9
p30,69964,150,130,0,17,18
p30,69971,149,129,0,18,19
p30,69978,149,129,0,18,19
p30,69991,148,128,0,19,20
p30,70008,147,127,0,20,21
p30,70129,147,127,1,20,21
p30,70135,147,127,0,20,21
p30,70168,147,127,1,20,21
p30,70169,147,127,0,20,21
p30,70200,159,139,0,20,21
p30,70201,185,165,0,20,21
p30,70202,186,166,0,20,21
p30,70225,187,167,0,19,20
p30,70231,187,167,0,18,19
p30,70235,187,167,0,17,17
p30,70236,187,167,0,16,17
p30,70238,187,167,0,14,15
p30,70239,187,167,0,13,14
p30,70242,187,167,0,12,13
p30,70243,187,167,0,9,10
p30,70246,187,167,0,8,9
p30,70247,187,167,0,7,8
p30,70249,187,167,0,6,7
p30,70255,187,167,0,5,6
p30,70264,187,167,0,3,4
p30,70265,187,167,0,2,3
p30,70268,187,167,0,2,3
p30,70269,187,167,0,0,1
p30,70365,187,167,0,0,1
p30,70637,187,167,1,0,1
p30,70638,187,167,0,0,1
p30,70728,186,166,0,1,1
p30,70733,186,166,1,1,1
p30,70746,185,165,1,2,1
p30,70751,185,165,2,2,1
p30,70758,184,164,2,3,1
p30,70765,184,164,3,3,1
p30,70767,184,164,4,3,1
p30,70770,184,164,4,2,3
p30,70775,184,164,4,1,2
p30,70779,184,164,3,0,1
p30,70780,184,164,2,0,1
p30,70784,184,164,1,0,1
p30,70789,183,163,0,1,2
p30,70794,183,163,0,0,1
p30,70825,182,162,0,1,2
p30,70827,181,161,0,2,3
p30,70831,180,160,0,3,4
p30,70832,179,159,0,4,5
p30,70835,178,158,0,5,6
p30,70838,177,157,1,6,7
p30,70839,176,156,1,7,8
p30,70842,175,155,1,8,8
p30,70843,175,155,1,8,9
p30,70844,175,155,0,8,9
p30,70846,174,154,0,9,10
p30,70847,173,153,0,10,11
p30,70849,172,152,0,11,12
p30,70850,172,152,0,10,11
p30,70851,172,152,0,10,11
p30,70854,172,152,0,10,10
p30,70855,172,152,0,9,10
p30,70859,172,152,0,8,9
p30,70860,172,152,0,8,9
p30,70861,171,151,0,9,10
p30,70862,171,151,0,8,9
p30,70863,171,151,0,7,8
p30,70864,169,149,0,9,10
p30,70869,167,147,0,11,12
p30,70877,167,147,0,10,11
p30,70894,167,147,0,9,10
p30,70898,167,147,0,8,9
p30,70901,167,147,0,7,8
p30,70914,167,147,0,6,7
p30,70927,167,147,0,5,6
p30,70936,167,147,0,4,5
p30,70967,167,147,0,3,4
p30,71041,167,147,0,1,2
p30,71043,167,147,0,0,1
p30,71347,167,147,1,0,1
p30,71348,167,147,0,0,1
p30,71370,166,146,0,1,1
p30,71375,165,145,0,2,1
p30,71379,164,144,0,3,1
p30,71394,163,143,0,4,1
p30,71400,181,161,0,4,1
p30,71401,203,183,0,4,1
p30,71426,203,183,1,4,1
p30,71427,203,183,2,4,1
p30,71436,203,183,1,4,1
p30,71448,203,183,0,4,1
p30,71450,202,182,0,5,1
p30,71455,201,181,1,6,1
p30,71456,201,181,0,6,1
p30,71459,200,180,0,7,1
p30,71462,199,179,0,8,1
p30,71463,198,178,0,9,1
p30,71477,197,177,0,10,1
p30,71494,196,176,0,11,1
p30,71499,195,175,0,12,1
p30,71501,194,174,0,13,1
p30,71514,193,173,0,14,1
p30,71528,192,172,0,15,1
p30,71534,192,172,1,15,1
p30,71535,192,172,0,15,1
p30,71536,191,171,0,16,1
p30,71567,190,170,0,17,7
p30,71568,190,170,0,16,17
p30,71570,190,170,0,15,16
p30,71576,190,170,0,14,15
p30,71583,190,170,0,14,14
p30,71584,190,170,0,13,13
p30,71585,190,170,0,12,13
p30,71596,190,170,0,10,11
p30,71600,190,170,0,9,10
p30,71615,190,170,0,8,9
p30,71618,190,170,0,7,8
p30,71629,190,170,0,6,7
p30,71631,190,170,1,6,7
p30,71632,190,170,0,6,7
p30,71640,190,170,0,5,6
p30,71641,189,169,0,6,7
p30,71642,188,168,0,7,8
p30,71645,187,167,0,8,9
p30,71651,187,167,0,8,9
p30,71652,187,167,0,7,8
p30,71666,187,167,0,6,7
p30,71705,187,167,0,5,6
p30,71709,187,167,0,4,5
p30,71710,187,167,0,3,4
p30,71712,187,167,0,2,3
p30,71713,187,167,0,2,2
p30,71714,187,167,0,1,2
p30,71716,187,167,0,0,1
p30,71777,187,167,1,0,1
p30,71802,187,167,2,0,1
p30,71816,187,167,2,0,1
p30,71844,187,167,3,0,1
p30,71850,187,167,4,0,1
p30,71853,187,167,3,0,1
p30,71860,187,167,2,0,1
p30,71866,187,167,1,0,1
p30,71868,187,167,0,0,1
p30,71900,187,167,0,0,1
p30,71930,187,167,1,0,1
p30,71933,187,167,0,0,1
p30,71938,187,167,0,0,1
p30,71965,187,167,0,0,1
p30,72031,187,167,1,0,1
p30,72053,187,167,0,0,1
p30,72091,187,167,0,0,1
p30,72168,186,166,0,1,1
p30,72170,185,165,0,2,1
p30,72176,184,164,0,3,1
p30,72184,183,163,0,4,1
p30,72185,182,162,0,5,1
p30,72196,180,160,0,7,1
p30,72200,179,159,0,8,1
p30,72216,178,158,0,9,1
p30,72218,177,157,0,10,1
p30,72229,176,156,0,11,1
p30,72241,175,155,0,12,1
p30,72245,174,154,0,13,1
p30,72252,173,153,0,14,1
p30,72266,172,152,0,15,1
p30,72302,171,151,0,16,1
p30,72305,170,150,0,17,1
p30,72309,169,149,0,18,1
p30,72310,168,148,0,19,1
p30,72314,167,147,0,20,1
p30,72358,167,147,0,20,15
p30,72359,167,147,0,20,21
p30,72436,167,147,0,20,21
p30,72453,167,147,1,20,21
p30,72456,167,147,0,20,21
p30,72467,167,147,1,20,21
p30,72469,167,147,0,20,21
p30,72493,167,147,1,20,21
p30,72497,167,147,0,20,21
p30,72501,167,147,1,20,21
p30,72502,167,147,0,20,21
p30,72513,167,147,0,18,19
p30,72519,167,147,0,17,18
p30,72520,167,147,0,17,18
p30,72521,167,147,0,16,17
p30,72522,167,147,0,14,15
p30,72524,167,147,0,13,14
p30,72532,167,147,0,12,13
p30,72533,167,147,0,11,12
p30,72535,167,147,0,10,11
p30,72540,167,147,0,7,8
p30,72542,167,147,0,6,7
p30,72543,167,147,0,6,6
p30,72544,167,147,0,5,6
p30,72548,167,147,0,4,5
p30,72551,167,147,0,2,3
p30,72552,167,147,0,0,1
p30,72556,167,147,1,0,1
p30,72559,167,147,0,0,1
p30,72600,183,163,0,0,1
p30,72601,207,187,0,0,1
p30,72829,207,187,1,0,1
p30,72835,207,187,0,0,1
p30,72884,207,187,1,0,1
p30,72886,207,187,0,0,1
p30,73017,207,187,1,0,1
p30,73024,207,187,0,0,1
p30,73043,206,186,0,1,1
p30,73086,205,185,0,2,1
p30,73094,204,184,0,3,1
p30,73100,203,183,0,4,1
p30,73108,203,183,0,4,1
p30,73112,202,182,0,5,1
p30,73113,201,181,0,6,1
p30,73117,200,180,0,7,1
p30,73121,199,179,0,8,1
p30,73122,198,178,0,9,1
p30,73124,197,177,0,10,1
p30,73131,196,176,0,11,1
p30,73136,195,175,0,12,1
p30,73137,194,174,0,13,1
p30,73139,193,173,0,14,1
p30,73140,191,171,0,16,1
p30,73148,190,170,0,17,1
p30,73150,189,169,0,18,1
p30,73152,187,167,0,20,1
p30,73172,187,167,0,20,1
p30,73176,187,167,1,20,1
p30,73179,187,167,0,20,1
p30,73197,187,167,0,20,5
p30,73198,187,167,0,20,21
p30,73222,187,167,0,20,20
p30,73223,187,167,0,19,20
p30,73233,187,167,1,19,20
p30,73250,187,167,1,18,19
p30,73260,187,167,1,18,18
p30,73261,187,167,2,17,18
p30,73262,187,167,2,16,17
p30,73267,187,167,2,16,17
p30,73273,187,167,3,16,17
p30,73275,187,167,3,15,16
p30,73280,187,167,3,14,15
p30,73285,187,167,3,13,14
p30,73293,187,167,4,13,14
p30,73309,187,167,3,13,14
p30,73312,187,167,2,13,14
p30,73318,187,167,1,13,14
p30,73321,187,167,0,13,14
p30,73323,187,167,0,12,13
p30,73325,187,167,0,10,11
p30,73330,187,167,0,9,10
p30,73337,187,167,0,8,9
p30,73357,187,167,0,7,8
p30,73383,187,167,0,7,8
p30,73386,187,167,0,6,7
p30,73390,187,167,0,5,5
p30,73391,187,167,0,4,5
p30,73392,187,167,0,3,4
p30,73393,187,167,0,1,2
p30,73394,187,167,0,0,1
p30,73499,187,167,0,0,1
p30,73600,187,167,0,0,1
p30,73661,187,167,1,0,1
p30,73662,187,167,0,0,1
p30,73711,187,167,1,0,1
p30,73713,187,167,0,0,1
p30,73726,187,167,1,0,1
p30,73740,187,167,0,0,1
p30,73800,203,183,0,0,1
p30,73801,227,207,0,0,1
p30,73823,226,206,0,1,1
p30,73833,226,206,1,1,1
p30,73847,226,206,0,1,1
p30,73850,225,205,0,2,1
p30,73861,224,204,0,3,1
p30,73862,223,203,0,4,1
p30,73875,222,202,0,5,1
p30,73881,221,201,0,6,1
p30,73885,220,200,0,7,1
p30,73923,219,199,0,8,1
p30,73925,217,197,0,10,1
p30,73930,216,196,0,11,1
p30,73937,215,195,0,12,1
p30,73948,215,195,1,12,1
p30,73949,215,195,0,12,1
p30,73957,214,194,0,13,1
p30,73970,213,193,0,14,1
p30,73978,212,192,0,15,1
p30,73981,211,191,0,16,1
p30,73986,210,190,0,17,1
p30,73991,208,188,0,19,1
p30,73992,207,187,0,20,1
p30,74020,207,187,1,20,1
p30,74022,207,187,0,20,1
p30,74031,207,187,0,19,8
p30,74032,207,187,0,19,20
p30,74038,207,187,0,18,19
p30,74040,207,187,1,18,19
p30,74042,207,187,0,18,19
p30,74052,207,187,0,17,18
p30,74075,207,187,1,17,18
p30,74076,207,187,0,17,18
p30,74077,207,187,0,16,17
p30,74097,207,187,0,15,16
p30,74098,207,187,0,14,15
p30,74108,207,187,0,14,14
p30,74109,207,187,0,13,14
p30,74165,207,187,0,12,13
p30,74178,207,187,0,11,12
p30,74179,207,187,1,11,12
p30,74181,207,187,0,11,12
p30,74237,207,187,0,10,11
p30,74238,207,187,0,9,10
p30,74240,207,187,0,8,9
p30,74265,207,187,0,7,8
p30,74267,207,187,0,6,7
p30,74268,207,187,0,5,6
p30,74271,207,187,0,4,4
p30,74272,207,187,0,2,3
p30,74274,207,187,0,2,2
p30,74276,207,187,1,1,2
p30,74277,207,187,1,1,2
p30,74280,207,187,1,0,1
p30,74282,207,187,0,0,1
p30,74314,207,187,0,0,1
p30,74361,207,187,0,0,1
p30,74389,207,187,0,0,1
p30,74411,207,187,1,0,1
p30,74412,207,187,0,0,1
p30,74510,207,187,0,0,1
p30,74541,207,187,1,0,1
p30,74547,207,187,0,0,1
p30,74560,207,187,1,0,1
p30,74563,207,187,0,0,1
p30,74600,207,187,1,0,1
p30,74609,207,187,2,0,1
p30,74611,207,187,1,0,1
p30,74624,207,187,0,0,1
p30,74631,206,186,0,1,1
p30,74638,205,185,0,2,1
p30,74641,205,185,0,2,1
p30,74653,204,184,0,3,1
p30,74677,203,183,0,4,1
p30,74697,202,182,0,5,1
p30,74698,201,181,0,6,1
p30,74709,200,180,0,7,1
p30,74734,200,180,0,7,1
p30,74765,199,179,0,8,1
p30,74769,199,179,0,8,1
p30,74778,198,178,0,9,1
p30,74837,197,177,0,10,1
p30,74838,196,176,0,11,1
p30,74840,195,175,0,12,1
p30,74856,194,174,0,13,10
p30,74857,194,174,0,13,14
p30,74865,192,172,0,15,16
p30,74867,191,171,0,16,17
p30,74868,190,170,0,17,18
p30,74872,189,169,0,18,19
p30,74873,188,168,0,19,20
p30,74880,187,167,0,20,21
p30,74956,187,167,0,20,21
p30,74997,187,167,1,20,21
p30,75000,200,180,1,20,21
p30,75001,227,207,1,20,21
p30,75003,227,207,0,20,21
p30,75088,227,207,1,20,21
p30,75089,227,207,0,20,21
p30,75120,227,207,0,19,20
p30,75121,227,207,0,18,19
p30,75123,227,207,0,17,18
p30,75126,227,207,0,16,17
p30,75127,227,207,0,16,17
p30,75129,227,207,0,15,16
p30,75132,227,207,0,14,15
p30,75134,227,207,1,14,15
p30,75135,227,207,1,13,14
p30,75137,227,207,1,12,13
p30,75140,227,207,1,12,13
p30,75141,227,207,2,10,11
p30,75142,227,207,1,10,11
p30,75144,227,207,1,9,10
p30,75146,227,207,1,8,9
p30,75147,227,207,1,8,8
p30,75148,227,207,1,7,8
p30,75150,227,207,1,6,7
p30,75151,227,207,0,6,7
p30,75152,227,207,0,5,6
p30,75155,227,207,0,4,5
p30,75156,227,207,0,2,3
p30,75157,227,207,0,1,2
p30,75158,227,207,0,0,1
p30,75236,227,207,0,0,1
p30,75303,227,207,2,0,1
p30,75306,227,207,3,0,1
p30,75314,227,207,3,0,1
p30,75315,227,207,4,0,1
p30,75323,227,207,5,0,1
p30,75324,227,207,4,0,1
p30,75332,227,207,5,0,1
p30,75337,227,207,4,0,1
p30,75338,227,207,5,0,1
p30,75342,227,207,4,0,1
p30,75344,227,207,2,0,1
p30,75347,227,207,1,0,1
p30,75350,227,207,0,0,1
p30,75393,227,207,0,0,1
p30,75684,227,207,0,0,1
p30,75710,227,207,0,0,1
p30,75714,226,206,0,1,2
p30,75721,225,205,0,2,3
p30,75723,224,204,0,3,4
p30,75726,223,203,0,4,5
p30,75727,222,202,0,5,6
p30,75729,221,201,0,6,7
p30,75731,221,201,0,5,6
p30,75734,221,201,0,4,5
p30,75735,220,200,0,5,6
p30,75736,219,199,2,6,7
p30,75737,219,199,2,5,6
p30,75739,219,199,1,5,6
p30,75740,219,199,0,5,6
p30,75741,218,198,0,6,7
p30,75742,217,197,0,7,8
p30,75744,216,196,0,8,9
p30,75746,215,195,0,9,10
p30,75747,214,194,0,10,11
p30,75750,213,193,0,11,12
p30,75752,212,192,0,11,11
p30,75753,212,192,0,11,12
p30,75755,212,192,0,11,13
p30,75756,208,188,0,15,16
p30,75758,207,187,0,16,17
p30,75767,207,187,0,15,16
p30,75774,207,187,0,14,15
p30,75810,207,187,1,14,15
p30,75811,207,187,0,14,15
p30,75812,207,187,0,13,14
p30,75852,207,187,0,12,13
p30,75855,207,187,0,12,13
p30,75864,207,187,0,12,12
p30,75865,207,187,0,11,12
p30,75909,207,187,0,10,11
p30,75912,207,187,0,9,10
p30,75918,207,187,0,9,9
p30,75919,207,187,0,8,9
p30,75940,207,187,0,7,8
p30,75978,207,187,0,7,7
p30,75979,207,187,0,6,7
p30,75981,207,187,1,6,7
p30,75986,207,187,1,5,6
p30,76000,207,187,2,5,6
p30,76001,207,187,1,4,5
p30,76002,207,187,1,4,5
p30,76005,207,187,1,3,4
p30,76007,207,187,1,2,3
p30,76009,207,187,2,2,3
p30,76010,207,187,2,1,2
p30,76012,207,187,1,0,1
p30,76013,207,187,1,0,1
p30,76018,207,187,0,0,1
p30,76097,207,187,1,0,1
p30,76098,207,187,0,0,1
p30,76145,207,187,1,0,1
p30,76146,207,187,0,0,1
p30,76200,220,200,0,0,1
p30,76201,247,227,0,0,1
p30,76247,247,227,1,0,1
p30,76248,247,227,0,0,1
p30,76331,246,226,0,1,2
p30,76333,246,226,0,0,1
p30,76334,245,225,0,0,1
p30,76337,244,224,0,1,2
p30,76339,244,224,0,0,1
p30,76352,243,223,0,1,1
p30,76367,242,222,0,2,1
p30,76369,242,222,0,2,1
p30,76374,241,221,0,3,1
p30,76375,241,221,0,3,1
p30,76412,240,220,0,4,1
p30,76424,240,220,1,4,1
p30,76425,240,220,0,4,1
p30,76447,240,220,1,4,1
p30,76452,239,219,1,5,1
p30,76455,239,219,2,5,1
p30,76459,239,219,1,5,1
p30,76460,239,219,0,5,1
p30,76465,238,218,0,6,1
p30,76509,237,217,0,7,1
p30,76512,236,216,0,8,1
p30,76519,235,215,0,9,1
p30,76531,235,215,1,9,1
p30,76532,235,215,0,9,1
p30,76537,235,215,0,9,1
p30,76540,234,214,0,10,1
p30,76543,234,214,1,10,1
p30,76545,234,214,0,10,1
p30,76557,234,214,2,10,1
p30,76558,234,214,0,10,1
p30,76578,234,214,0,7,8
p30,76579,233,213,0,8,9
p30,76582,233,213,0,7,8
p30,76584,233,213,0,6,7
p30,76585,233,213,0,5,6
p30,76586,232,212,1,6,7
p30,76588,232,212,3,6,7
p30,76591,232,212,2,5,6
p30,76592,232,212,2,4,5
p30,76595,232,212,2,4,4
p30,76596,232,212,2,3,4
p30,76599,232,212,3,3,4
p30,76600,232,212,2,3,4
p30,76601,231,211,2,4,5
p30,76605,230,210,2,5,6
p30,76607,229,209,2,6,7
p30,76610,227,207,2,8,9
p30,76627,227,207,2,7,8
p30,76634,227,207,1,7,8
p30,76635,227,207,0,7,8
p30,76640,227,207,0,6,7
p30,76648,227,207,0,5,6
p30,76684,227,207,0,5,5
p30,76685,227,207,0,5,6
p30,76699,227,207,1,5,6
p30,76701,227,207,2,5,6
p30,76702,227,207,1,5,6
p30,76705,227,207,0,5,6
p30,76717,227,207,0,4,5
p30,76718,227,207,0,3,4
p30,76724,227,207,0,2,3
p30,76736,227,207,0,2,3
p30,76810,227,207,1,2,3
p30,76811,227,207,0,1,2
p30,76817,227,207,0,0,1
p30,76829,227,207,1,0,1
p30,76831,227,207,2,0,1
p30,76847,227,207,1,0,1
p30,76848,227,207,0,0,1
p30,76890,227,207,0,0,1
p30,76893,227,207,1,0,1
p30,76894,227,207,0,0,1
p30,76932,226,206,0,1,2
p30,76933,225,205,0,2,3
p30,76934,224,204,0,2,3
p30,76941,224,204,0,2,2
p30,76942,224,204,0,0,1
p30,76947,224,204,0,0,1
p30,76949,224,204,2,0,1
p30,76959,224,204,1,0,1
p30,76964,224,204,0,0,1
p30,76980,224,204,1,0,1
p30,76983,224,204,0,0,1
p30,76986,224,204,0,0,1
p30,77027,224,204,0,0,1
p30,77028,224,204,1,0,1
p30,77030,224,204,0,0,1
p30,77034,224,204,1,0,1
p30,77035,224,204,0,0,1
p30,77050,224,204,1,0,1
p30,77060,224,204,0,0,1
p30,77098,224,204,1,0,1
p30,77099,224,204,0,0,1
p30,77117,224,204,1,0,1
p30,77127,224,204,0,0,1
p30,77178,221,201,0,3,4
p30,77182,220,200,0,4,5
p30,77183,220,200,0,3,4
p30,77184,219,199,0,4,5
p30,77185,218,198,0,4,5
p30,77189,218,198,0,3,4
p30,77190,218,198,0,3,4
p30,77191,217,197,0,4,5
p30,77192,216,196,0,4,5
p30,77193,216,196,0,4,5
p30,77196,215,195,0,4,5
p30,77197,215,195,0,4,4
p30,77198,215,195,0,3,4
p30,77199,215,195,0,2,3
p30,77200,215,195,0,1,2
p30,77201,215,195,0,0,1
p30,77228,214,194,0,1,1
p30,77240,213,193,0,2,1
p30,77248,212,192,0,3,1
p30,77279,212,192,1,3,1
p30,77317,211,191,1,4,1
p30,77319,210,190,1,5,1
p30,77323,210,190,0,5,1
p30,77324,209,189,0,6,1
p30,77332,209,189,0,6,1
p30,77382,209,189,1,6,1
p30,77384,209,189,2,6,1
p30,77387,209,189,0,6,1
p30,77400,229,209,0,6,1
p30,77401,249,229,0,6,1
p30,77411,248,228,0,7,1
p30,77417,247,227,0,8,1
p30,77422,247,227,0,8,1
p30,77470,247,227,0,6,7
p30,77479,247,227,0,5,6
p30,77488,247,227,0,4,5
p30,77489,247,227,0,3,4
p30,77532,247,227,0,2,3
p30,77534,246,226,0,3,4
p30,77542,244,224,0,5,6
p30,77548,244,224,1,5,6
p30,77557,244,224,0,5,6
p30,77584,244,224,0,5,6
p30,77590,244,224,1,4,5
p30,77593,244,224,0,4,5
p30,77597,244,224,0,3,4
p30,77665,244,224,0,2,3
p30,77667,244,224,0,1,2
p30,77669,244,224,0,0,1
p30,77702,244,224,0,0,1
p30,77728,244,224,0,0,1
p30,77745,244,224,1,0,1
p30,77746,244,224,0,0,1
p30,77784,243,223,0,0,1
p30,77785,242,222,0,1,2
p30,77786,242,222,1,1,2
p30,77788,241,221,1,2,3
p30,77792,240,220,1,1,2
p30,77793,240,220,1,0,1
p30,77799,237,217,1,3,4
p30,77800,236,216,1,4,5
p30,77801,235,215,1,5,6
p30,77810,235,215,0,5,6
p30,77813,235,215,0,4,5
p30,77814,235,215,0,3,4
p30,77816,235,215,0,2,3
p30,77818,235,215,0,0,1
p30,77836,235,215,1,0,1
p30,77844,235,215,0,0,1
p30,77851,235,215,0,0,1
p30,77898,235,215,0,0,1
p30,77928,235,215,0,0,1
p30,77940,235,215,1,0,1
p30,77972,235,215,2,0,1
p30,77996,235,215,1,0,1
p30,78009,235,215,0,0,1
p30,78015,235,215,1,0,1
p30,78016,235,215,0,0,1
p30,78043,235,215,1,0,1
p30,78044,235,215,0,0,1
p30,78056,235,215,2,0,1
p30,78061,235,215,0,0,1
p30,78070,233,213,0,2,3
p30,78079,232,212,0,3,4
p30,78081,232,212,0,2,3
p30,78087,232,212,0,1,1
p30,78088,231,211,0,1,2
p30,78089,230,210,0,2,3
p30,78091,230,210,0,0,1
p30,78132,229,209,0,1,1
p30,78190,228,208,0,2,1
p30,78197,227,207,0,3,1
p30,78265,226,206,0,4,1
p30,78267,225,205,0,5,1
p30,78269,224,204,0,6,1
p30,78286,224,204,0,6,1
p30,78297,224,204,2,6,1
p30,78298,224,204,0,6,1
p30,78308,224,204,1,6,1
p30,78315,224,204,0,6,1
p30,78347,224,204,0,6,6
p30,78348,224,204,0,6,7
p30,78349,224,204,1,6,7
p30,78350,224,204,0,6,7
p30,78365,223,203,0,7,8
p30,78384,222,202,0,8,9
p30,78390,221,201,0,9,10
p30,78392,220,200,0,10,11
p30,78393,220,200,1,10,11
p30,78395,220,200,2,10,11
p30,78398,220,200,1,10,11
p30,78403,220,200,2,10,11
p30,78413,219,199,2,11,12
p30,78414,217,197,2,13,14
p30,78416,216,196,2,14,15
p30,78418,215,195,2,15,16
p30,78419,215,195,0,15,16
p30,78447,215,195,0,15,16
p30,78506,215,195,1,15,16
p30,78507,215,195,0,15,16
p30,78525,215,195,1,15,16
p30,78535,215,195,0,15,16
p30,78563,215,195,1,15,16
p30,78566,215,195,0,15,16
p30,78600,232,212,0,15,16
p30,78601,255,235,0,15,16
p30,78603,255,235,0,14,15
p30,78608,255,235,0,13,14
p30,78613,255,235,0,12,13
p30,78618,255,235,0,11,12
p30,78630,255,235,0,10,11
p30,78639,255,235,0,9,10
p30,78642,255,235,0,8,9
p30,78656,255,235,0,7,8
p30,78657,255,235,0,7,7
p30,78658,255,235,0,6,7
p30,78659,255,235,0,5,6
p30,78660,255,235,0,4,5
p30,78665,255,235,0,3,3
p30,78666,255,235,0,1,2
p30,78667,255,235,0,0,1
p30,78681,254,234,0,1,2
p30,78684,254,234,0,1,2
p30,78686,254,234,0,0,1
p30,78687,253,233,0,1,2
p30,78688,252,232,0,2,3
p30,78689,251,231,0,3,4
p30,78690,251,231,0,2,3
p30,78691,250,230,0,2,3
p30,78692,250,230,0,2,2
p30,78693,250,230,0,1,2
p30,78694,250,230,0,1,1
p30,78695,250,230,0,0,1
p30,78710,250,230,1,0,1
p30,78718,250,230,0,0,1
p30,78769,250,230,1,0,1
p30,78782,250,230,1,0,1
p30,78792,250,230,2,0,1
p30,78800,250,230,1,0,1
p30,78807,250,230,0,0,1
p30,78828,250,230,0,0,1
p30,78835,250,230,0,0,1
p30,78919,250,230,1,0,1
p30,78920,250,230,0,0,1
p30,78968,250,230,2,0,1
p30,78979,250,230,0,0,1
p30,79073,250,230,0,0,1
p30,79116,250,230,1,0,1
p30,79132,250,230,2,0,1
p30,79137,250,230,1,0,1
p30,79149,250,230,0,0,1
p30,79203,249,229,0,1,1
p30,79205,249,229,1,1,1
p30,79208,248,228,1,2,1
p30,79213,247,227,1,3,1
p30,79218,246,226,1,4,1
p30,79224,246,226,0,4,1
p30,79226,246,226,2,4,1
p30,79230,245,225,2,5,1
p30,79235,245,225,0,5,1
p30,79236,245,225,0,5,1
p30,79239,244,224,0,6,1
p30,79242,243,223,0,7,1
p30,79256,242,222,0,8,1
p30,79257,240,220,0,10,1
p30,79260,238,218,0,12,1
p30,79265,237,217,0,13,1
p30,79266,236,216,0,14,1
p30,79267,235,215,0,15,1
p30,79283,235,215,0,15,16
p30,79286,234,214,0,16,17
p30,79290,233,213,0,17,18
p30,79291,232,212,0,18,19
p30,79292,231,211,0,19,20
p30,79294,231,211,0,18,19
p30,79295,230,210,0,19,20
p30,79296,230,210,1,19,20
p30,79297,230,210,0,19,20
p30,79309,230,210,0,18,19
p30,79317,230,210,0,18,19
p30,79319,230,210,0,17,18
p30,79339,230,210,1,17,18
p30,79366,230,210,2,17,18
p30,79370,230,210,3,17,18
p30,79371,230,210,1,17,18
p30,79372,230,210,1,16,17
p30,79376,230,210,1,15,16
p30,79381,230,210,0,15,16
p30,79407,230,210,0,15,15
p30,79408,230,210,0,14,15
p30,79421,230,210,0,14,15
p30,79423,230,210,0,14,15
p30,79428,230,210,0,13,14
p30,79445,230,210,0,12,13
p30,79448,230,210,0,12,13
p30,79454,230,210,0,11,12
p30,79456,230,210,0,11,12
p30,79464,230,210,0,10,11
p30,79470,230,210,0,10,10
p30,79471,230,210,0,9,10
p30,79496,230,210,0,8,9
p30,79503,230,210,0,7,8
p30,79535,230,210,0,7,8
p30,79578,230,210,0,6,7
p30,79589,230,210,0,5,6
p30,79591,230,210,0,4,5
p30,79593,230,210,0,3,4
p30,79602,230,210,0,3,3
p30,79603,230,210,0,1,2
p30,79609,230,210,0,1,1
p30,79610,230,210,0,0,1
p30,79674,230,210,0,0,1
p30,79741,230,210,1,0,1
p30,79745,230,210,0,0,1
p30,79776,230,210,1,0,1
p30,79777,230,210,0,0,1
p30,79800,237,217,0,0,1
p30,79801,270,250,0,0,1
p30,79815,270,250,1,0,1
p30,79816,270,250,3,0,1
p30,79840,270,250,2,0,1
p30,79841,270,250,1,0,1
p30,79875,270,250,1,0,1
p30,79878,270,250,0,0,1
p30,79894,269,249,0,1,2
p30,79895,269,249,0,1,2
p30,79896,269,249,0,0,1
p30,79909,268,248,0,1,2
p30,79912,268,248,0,0,1
p30,79919,267,247,0,1,2
p30,79925,267,247,1,1,2
p30,79928,267,247,0,1,2
p30,79929,267,247,0,1,2
p30,79936,267,247,0,0,1
p30,79943,267,247,1,0,1
p30,79945,267,247,2,0,1
p30,79946,267,247,3,0,1
p30,79959,267,247,1,0,1
p30,79963,267,247,0,0,1
p30,79972,266,246,0,1,1
p30,79976,265,245,0,2,1
p30,79991,265,245,1,2,1
p30,79992,265,245,0,2,1
p30,80008,264,244,0,3,1
p30,80009,264,244,1,3,1
p30,80019,264,244,0,3,1
p30,80028,263,243,0,4,1
p30,80045,262,242,0,5,1
p30,80054,261,241,0,6,1
p30,80064,260,240,0,7,1
p30,80069,260,240,1,7,1
p30,80070,260,240,3,7,1
p30,80071,259,239,3,8,1
p30,80084,259,239,2,8,1
p30,80085,259,239,1,8,1
p30,80096,258,238,1,9,1
p30,80103,257,237,1,10,1
p30,80121,257,237,0,10,1
p30,80147,257,237,2,10,1
p30,80153,257,237,1,10,1
p30,80154,257,237,0,10,1
p30,80158,257,237,1,10,1
p30,80165,257,237,0,10,1
p30,80178,256,236,0,11,1
p30,80189,255,235,0,12,1
p30,80191,254,234,0,13,1
p30,80194,253,233,0,14,1
p30,80202,252,232,0,15,1
p30,80203,251,231,0,16,1
p30,80210,250,230,0,17,1
p30,80216,250,230,2,17,1
p30,80221,250,230,2,13,14
p30,80223,250,230,2,12,12
p30,80224,250,230,2,11,12
p30,80231,250,230,3,11,12
p30,80232,250,230,2,11,12
p30,80233,250,230,2,10,11
p30,80238,250,230,3,10,11
p30,80239,250,230,2,10,11
p30,80242,250,230,1,10,11
p30,80243,250,230,0,10,11
p30,80257,250,230,0,9,10
p30,80259,250,230,0,9,9
p30,80260,250,230,0,8,9
p30,80265,250,230,0,7,8
p30,80292,250,230,1,7,8
p30,80304,250,230,0,7,8
p30,80316,250,230,0,6,7
p30,80336,250,230,0,5,6
p30,80350,250,230,0,4,5
p30,80365,250,230,0,2,3
p30,80396,250,230,0,1,2
p30,80416,250,230,0,0,1
p30,80458,249,229,0,1,2
p30,80474,249,229,0,0,1
p30,80512,248,228,0,1,2
p30,80518,248,228,0,1,2
p30,80524,248,228,0,0,1
p30,80536,247,227,0,1,2
p30,80538,247,227,0,1,2
p30,80540,247,227,0,0,1
p30,80555,247,227,3,0,1
p30,80556,247,227,0,0,1
p30,80566,247,227,1,0,1
p30,80591,247,227,0,0,1
p30,80598,247,227,0,0,1
p30,80608,247,227,1,0,1
p30,80613,247,227,0,0,1
p30,80763,247,227,1,0,1
p30,80767,247,227,2,0,1
p30,80775,247,227,3,0,1
p30,80776,247,227,4,0,1
p30,80781,247,227,3,0,1
p30,80782,247,227,1,0,1
p30,80784,247,227,0,0,1
p30,80819,247,227,1,0,1
p30,80821,243,223,1,4,4
p30,80823,242,222,1,5,6
p30,80824,241,221,1,6,7
p30,80825,241,221,1,6,7
p30,80828,241,221,1,5,6
p30,80833,240,220,1,6,7
p30,80836,240,220,0,6,7
p30,80841,240,220,1,6,7
p30,80842,240,220,0,6,7
p30,80850,240,220,0,6,7
p30,80853,240,220,0,5,6
p30,80855,240,220,0,4,5
p30,80856,240,220,0,2,3
p30,80857,239,219,0,3,4
p30,80858,239,219,0,3,4
p30,80860,238,218,0,4,5
p30,80861,238,218,0,3,4
p30,80862,238,218,0,2,3
p30,80865,237,217,0,3,4
p30,80880,237,217,3,3,4
p30,80899,237,217,0,3,4
p30,80916,236,216,0,4,4
p30,80928,236,216,0,4,4
p30,80936,235,215,0,5,4
p30,80950,234,214,0,6,4
p30,80965,232,212,0,8,4
p30,80966,232,212,0,8,4
p30,80996,231,211,0,9,4
p30,81000,248,228,0,9,4
p30,81001,267,247,0,9,4
p30,81002,271,251,0,9,4
p30,81016,270,250,0,10,4
p30,81074,269,249,0,11,4
p30,81100,269,249,1,11,4
p30,81101,269,249,0,11,4
p30,81110,269,249,1,11,4
p30,81113,269,249,0,11,4
p30,81116,269,249,0,11,3
p30,81124,268,248,0,12,3
p30,81125,268,248,0,12,3
p30,81129,268,248,0,12,2
p30,81133,268,248,0,9,10
p30,81139,268,248,0,9,10
p30,81140,267,247,0,10,11
p30,81146,267,247,0,9,10
p30,81158,267,247,0,8,9
p30,81171,267,247,0,8,9
p30,81184,267,247,0,7,8
p30,81190,267,247,0,6,7
p30,81206,267,247,0,5,6
p30,81210,267,247,1,5,6
p30,81215,267,247,2,5,6
p30,81236,267,247,3,5,6
p30,81237,267,247,2,5,6
p30,81261,267,247,1,5,6
p30,81264,267,247,2,5,6
p30,81275,267,247,1,5,6
p30,81280,267,247,0,5,6
p30,81292,267,247,0,4,5
p30,81318,267,247,0,3,4
p30,81326,267,247,0,2,3
p30,81331,267,247,0,1,2
p30,81340,267,247,0,0,1
p30,81369,267,247,1,0,1
p30,81373,267,247,2,0,1
p30,81375,267,247,3,0,1
p30,81380,267,247,4,0,1
p30,81381,267,247,3,0,1
p30,81389,267,247,2,0,1
p30,81395,267,247,1,0,1
p30,81397,267,247,0,0,1
p30,81409,267,247,1,0,1
p30,81413,267,247,2,0,1
p30,81414,267,247,1,0,1
p30,81424,267,247,0,0,1
p30,81428,266,246,0,1,2
p30,81429,266,246,1,1,2
p30,81430,266,246,0,0,1
p30,81453,265,245,0,1,2
p30,81455,264,244,0,2,3
p30,81456,262,242,0,4,5
p30,81457,262,242,0,4,5
p30,81459,262,242,0,3,4
p30,81461,261,241,0,4,5
p30,81462,260,240,0,5,5
p30,81463,260,240,0,5,6
p30,81465,260,240,2,5,6
p30,81466,260,240,0,5,6
p30,81467,260,240,0,5,6
p30,81469,260,240,0,4,5
p30,81471,260,240,0,4,4
p30,81472,260,240,0,3,4
p30,81474,260,240,0,0,1
p30,81493,260,240,1,0,1
p30,81494,260,240,3,0,1
p30,81503,260,240,0,0,1
p30,81579,260,240,5,0,1
p30,81598,260,240,6,0,1
p30,81612,260,240,5,0,1
p30,81617,260,240,3,0,1
p30,81618,260,240,2,0,1
p30,81619,260,240,1,0,1
p30,81620,260,240,0,0,1
p30,81627,260,240,1,0,1
p30,81633,260,240,0,0,1
p30,81635,260,240,1,0,1
p30,81636,260,240,0,0,1
p30,81655,260,240,1,0,1
p30,81657,260,240,0,0,1
p30,81733,257,237,0,2,3
p30,81737,257,237,0,1,1
p30,81738,257,237,0,0,1
p30,81744,257,237,0,0,1
p30,81746,256,236,0,1,1
p30,81747,256,236,0,1,2
p30,81750,256,236,0,0,1
p30,81758,255,235,0,0,1
p30,81785,254,234,0,1,2
p30,81789,254,234,0,0,1
p30,81790,253,233,0,1,2
p30,81796,253,233,0,1,2
p30,81804,253,233,0,0,1
p30,81806,252,232,0,1,1
p30,81815,252,232,0,1,1
p30,81816,252,232,1,1,1
p30,81817,252,232,0,1,1
p30,81851,252,232,1,1,1
p30,81872,252,232,0,1,1
p30,81892,251,231,0,2,1
p30,81918,250,230,0,3,1
p30,81926,249,229,0,4,1
p30,81931,248,228,0,5,1
p30,81940,247,227,0,6,1
p30,81993,247,227,1,6,1
p30,81994,247,227,0,6,1
p30,82031,246,226,0,7,1
p30,82048,245,225,0,8,1
p30,82054,244,224,0,9,1
p30,82059,243,223,0,10,1
p30,82062,243,223,0,10,11
p30,82069,242,222,0,11,12
p30,82072,241,221,0,12,13
p30,82074,240,220,0,13,14
p30,82087,240,220,1,13,14
p30,82098,240,220,0,13,14
p30,82140,240,220,1,13,14
p30,82149,240,220,0,13,14
p30,82189,240,220,0,13,13
p30,82190,240,220,0,13,14
p30,82200,259,239,0,13,14
p30,82201,280,260,0,13,14
p30,82246,280,260,0,13,14
p30,82251,280,260,1,13,14
p30,82252,280,260,0,13,14
p30,82273,280,260,0,12,13
p30,82301,280,260,0,12,13
p30,82305,280,260,0,11,12
p30,82323,280,260,0,10,11
p30,82333,278,258,0,12,13
p30,82337,277,257,0,13,14
p30,82338,276,256,0,14,15
p30,82341,276,256,0,13,14
p30,82359,275,255,0,14,15
p30,82366,275,255,0,13,14
p30,82382,275,255,0,12,13
p30,82389,274,254,0,13,14
p30,82404,273,253,0,14,15
p30,82417,273,253,0,13,14
p30,82443,273,253,0,12,12
p30,82444,273,253,1,7,8
p30,82445,273,253,1,5,6
p30,82446,273,253,0,0,1
p30,82518,273,253,2,0,1
p30,82542,273,253,3,0,1
p30,82551,273,253,4,0,1
p30,82552,273,253,5,0,1
p30,82567,273,253,4,0,1
p30,82575,273,253,3,0,1
p30,82587,273,253,2,0,1
p30,82588,273,253,3,0,1
p30,82589,273,253,2,0,1
p30,82603,273,253,1,0,1
p30,82608,273,253,0,0,1
p30,82658,273,253,1,0,1
p30,82659,273,253,0,0,1
p30,82670,273,253,1,0,1
p30,82674,273,253,0,0,1
p30,82690,273,253,1,0,1
p30,82710,273,253,2,0,1
p30,82717,273,253,3,0,1
p30,82718,273,253,2,0,1
p30,82727,273,253,1,0,1
p30,82732,273,253,0,0,1
p30,82742,273,253,1,0,1
p30,82743,273,253,0,0,1
p30,82797,273,253,0,0,1
p30,82808,273,253,1,0,1
p30,82809,273,253,0,0,1
p30,82873,272,252,0,1,1
p30,82900,272,252,0,1,1
p30,82905,271,251,0,2,1
p30,82923,270,250,0,3,1
p30,82927,270,250,1,3,1
p30,82928,270,250,0,3,1
p30,82931,270,250,1,3,1
p30,82936,270,250,1,3,1
p30,82938,270,250,0,3,1
p30,82941,269,249,0,4,1
p30,82957,269,249,1,4,1
p30,82966,268,248,1,5,1
p30,82968,267,247,1,6,1
p30,82975,267,247,2,6,1
p30,82979,267,247,1,6,1
p30,82982,266,246,1,7,1
p30,82984,266,246,0,7,1
p30,82989,265,245,0,8,1
p30,82991,264,244,0,9,1
p30,82994,263,243,0,10,1
p30,82997,262,242,0,11,1
p30,83002,262,242,1,11,1
p30,83008,262,242,0,11,1
p30,83011,261,241,0,12,1
p30,83015,260,240,0,13,1
p30,83017,259,239,0,14,1
p30,83020,257,237,0,16,1
p30,83026,256,236,1,17,1
p30,83027,255,235,0,18,1
p30,83034,254,234,0,19,1
p30,83045,253,233,0,20,1
p30,83054,253,233,0,19,6
p30,83055,253,233,0,19,20
p30,83056,253,233,0,18,19
p30,83058,253,233,2,18,19
p30,83060,253,233,2,18,18
p30,83061,253,233,2,17,18
p30,83064,253,233,2,16,17
p30,83065,253,233,1,16,17
p30,83066,253,233,0,16,17
p30,83083,253,233,0,15,16
p30,83084,253,233,0,15,15
p30,83085,253,233,0,14,15
p30,83092,253,233,0,13,14
p30,83125,253,233,0,12,13
p30,83130,253,233,2,12,13
p30,83132,253,233,0,12,13
p30,83141,253,233,0,11,12
p30,83187,253,233,0,10,11
p30,83195,253,233,0,9,10
p30,83199,253,233,0,8,9
p30,83205,253,233,0,7,8
p30,83210,253,233,0,6,7
p30,83217,253,233,0,5,6
p30,83238,253,233,0,5,6
p30,83294,253,233,0,4,5
p30,83325,253,233,0,3,4
p30,83341,253,233,0,2,3
p30,83375,253,233,0,2,3
p30,83386,253,233,0,1,2
p30,83400,265,245,0,1,2
p30,83401,286,266,0,1,2
p30,83402,293,273,0,1,2
p30,83414,293,273,0,0,1
p30,83436,293,273,1,0,1
p30,83438,293,273,0,0,1
p30,83471,293,273,2,0,1
p30,83474,293,273,0,0,1
p30,83550,293,273,1,0,1
p30,83562,293,273,2,0,1
p30,83595,293,273,4,0,1
p30,83596,293,273,4,0,1
p30,83597,293,273,2,0,1
p30,83607,293,273,1,0,1
p30,83615,293,273,0,0,1
p30,83629,293,273,0,0,1
p30,83654,292,272,0,1,2
p30,83655,292,272,0,0,1
p30,83656,291,271,1,1,1
p30,83657,291,271,0,0,1
p30,83661,290,270,0,1,2
p30,83662,290,270,0,0,1
p30,83665,289,269,0,0,1
p30,83670,289,269,1,0,1
p30,83683,288,268,1,1,1
p30,83684,288,268,1,1,2
p30,83685,287,267,1,1,2
p30,83686,287,267,1,1,2
p30,83693,286,266,0,0,1
p30,83705,286,266,2,0,1
p30,83711,286,266,3,0,1
p30,83712,286,266,2,0,1
p30,83715,286,266,3,0,1
p30,83716,286,266,2,0,1
p30,83719,286,266,0,0,1
p30,83721,286,266,1,0,1
p30,83723,286,266,2,0,1
p30,83725,285,265,2,1,2
p30,83730,285,265,2,0,1
p30,83735,285,265,1,0,1
p30,83736,285,265,0,0,1
p30,83741,284,264,0,1,2
p30,83746,284,264,0,0,1
p30,83777,284,264,2,0,1
p30,83785,284,264,1,0,1
p30,83786,284,264,0,0,1
p30,83788,283,263,0,1,1
p30,83795,282,262,0,2,1
p30,83799,281,261,0,3,1
p30,83805,280,260,0,4,1
p30,83810,279,259,0,5,1
p30,83817,278,258,0,6,1
p30,83894,277,257,0,7,1
p30,83902,277,257,1,7,1
p30,83918,277,257,0,7,1
p30,83925,276,256,1,8,1
p30,83941,275,255,1,9,1
p30,83961,275,255,2,9,1
p30,83977,275,255,3,9,1
p30,83980,275,255,2,9,1
p30,83981,275,255,1,9,1
p30,83983,275,255,0,9,1
p30,83986,274,254,0,10,1
p30,84009,274,254,1,10,1
p30,84014,273,253,1,11,1
p30,84028,273,253,2,11,1
p30,84045,273,253,3,11,1
p30,84046,273,253,2,11,1
p30,84050,273,253,2,10,11
p30,84062,273,253,2,9,10
p30,84065,273,253,3,9,10
p30,84082,273,253,4,9,10
p30,84083,273,253,4,8,9
p30,84088,273,253,4,7,8
p30,84094,273,253,4,6,7
p30,84105,273,253,4,5,6
p30,84108,273,253,4,4,5
p30,84115,273,253,4,3,3
p30,84116,273,253,4,2,3
p30,84126,273,253,3,2,3
p30,84133,273,253,3,1,2
p30,84140,273,253,2,1,2
p30,84144,273,253,1,1,2
p30,84147,273,253,0,1,2
p30,84159,273,253,0,0,1
p30,84255,272,252,0,1,2
p30,84256,271,251,0,2,3
p30,84257,270,250,0,3,4
p30,84265,269,249,0,4,5
p30,84268,269,249,0,4,5
p30,84270,269,249,0,3,4
p30,84279,268,248,0,4,5
p30,84280,268,248,0,3,4
p30,84285,267,247,0,4,5
p30,84291,267,247,0,3,4
p30,84293,266,246,0,4,5
p30,84308,266,246,0,3,4
p30,84329,266,246,0,2,3
p30,84330,265,245,0,3,4
p30,84338,265,245,0,3,4
p30,84346,264,244,0,4,5
p30,84354,264,244,0,4,5
p30,84365,264,244,0,4,5
p30,84370,264,244,0,3,4
p30,84371,264,244,0,0,1
p30,84376,264,244,1,0,1
p30,84378,264,244,0,0,1
p30,84482,264,244,1,0,1
p30,84488,264,244,0,0,1
p30,84491,264,244,0,0,1
p30,84499,264,244,1,0,1
p30,84522,264,244,0,0,1
p30,84600,281,261,0,0,1
p30,84601,304,284,0,0,1
p30,84650,303,283,0,0,1
p30,84662,302,282,0,0,1
p30,84683,301,281,0,0,1
p30,84688,300,280,0,1,2
p30,84689,300,280,0,1,1
p30,84690,300,280,0,0,1
p30,84694,299,279,0,1,2
p30,84701,299,279,0,0,1
p30,84705,298,278,0,1,1
p30,84706,298,278,0,0,1
p30,84708,297,277,0,1,2
p30,84710,297,277,0,0,1
p30,84715,296,276,0,1,2
p30,84716,295,275,0,2,2
p30,84717,295,275,0,2,3
p30,84722,295,275,0,2,2
p30,84723,295,275,0,1,2
p30,84726,295,275,0,0,1
p30,84733,294,274,0,1,1
p30,84759,293,273,0,2,1
p30,84776,293,273,1,2,1
p30,84778,293,273,0,2,1
p30,84782,293,273,1,2,1
p30,84784,293,273,2,2,1
p30,84788,293,273,3,2,1
p30,84811,293,273,4,2,1
p30,84817,293,273,3,2,1
p30,84827,293,273,3,2,1
p30,84854,293,273,2,2,1
p30,84857,293,273,1,2,1
p30,84861,293,273,0,2,1
p30,84870,292,272,0,3,1
p30,84880,291,271,0,4,1
p30,84892,290,270,0,5,1
p30,84900,289,269,0,6,1
p30,84903,289,269,2,6,1
p30,84908,288,268,2,7,1
p30,84919,288,268,3,7,1
p30,84922,288,268,4,7,1
p30,84927,288,268,3,7,1
p30,84929,286,266,4,9,1
p30,84932,286,266,2,9,1
p30,84933,286,266,1,9,1
p30,84934,286,266,0,9,1
p30,84962,285,265,0,10,1
p30,84970,284,264,0,11,1
p30,84973,284,264,1,11,1
p30,84974,284,264,0,11,1
p30,85013,284,264,0,10,7
p30,85014,284,264,0,10,11
p30,85018,284,264,0,9,10
p30,85023,284,264,0,8,9
p30,85024,284,264,0,7,8
p30,85027,284,264,0,6,7
p30,85084,284,264,0,6,7
p30,85100,284,264,1,6,7
p30,85104,284,264,1,5,6
p30,85113,284,264,2,5,6
p30,85122,284,264,0,4,5
p30,85137,284,264,0,3,4
p30,85139,284,264,0,2,3
p30,85152,284,264,0,1,2
p30,85154,284,264,0,0,1
p30,85250,283,263,0,1,2
p30,85262,282,262,0,2,3
p30,85271,282,262,0,1,2
p30,85283,281,261,0,2,3
p30,85290,280,260,0,3,4
p30,85301,279,259,0,4,5
p30,85306,278,258,0,5,6
p30,85310,277,257,0,6,7
p30,85313,277,257,0,5,6
p30,85314,277,257,0,4,5
p30,85322,277,257,0,3,4
p30,85323,276,256,0,4,5
p30,85326,275,255,0,5,6
p30,85334,275,255,0,5,6
p30,85341,275,255,0,5,6
p30,85342,275,255,0,3,4
p30,85343,275,255,0,0,1
p30,85394,275,255,0,0,1
p30,85439,275,255,1,0,1
p30,85440,275,255,0,0,1
p30,85456,275,255,1,0,1
p30,85457,275,255,0,0,1
p30,85526,275,255,1,0,1
p30,85528,275,255,0,0,1
p30,85551,275,255,2,0,1
p30,85560,275,255,0,0,1
p30,85613,274,254,0,1,2
p30,85615,274,254,0,0,1
p30,85618,273,253,0,1,2
p30,85621,273,253,0,0,1
p30,85623,272,252,0,1,2
p30,85624,271,251,0,1,2
p30,85625,271,251,0,0,1
p30,85627,270,250,0,1,2
p30,85631,270,250,0,0,1
p30,85668,270,250,2,0,1
p30,85671,270,250,3,0,1
p30,85683,270,250,2,0,1
p30,85685,270,250,1,0,1
p30,85686,270,250,0,0,1
p30,85702,270,250,2,0,1
p30,85704,269,249,2,1,1
p30,85712,269,249,1,1,1
p30,85713,269,249,0,1,1
p30,85722,268,248,0,2,1
p30,85737,267,247,0,3,1
p30,85739,266,246,0,4,1
p30,85752,265,245,0,5,1
p30,85754,264,244,0,6,1
p30,85760,263,243,0,7,1
p30,85800,279,259,0,7,1
p30,85801,303,283,0,7,1
p30,85804,303,283,1,7,1
p30,85805,303,283,2,7,1
p30,85813,303,283,0,7,1
p30,85843,302,282,0,8,1
p30,85847,302,282,1,8,1
p30,85850,301,281,1,9,1
p30,85858,301,281,2,9,1
p30,85866,301,281,1,9,1
p30,85871,300,280,1,10,1
p30,85875,300,280,0,10,1
p30,85913,299,279,0,11,1
p30,85914,298,278,0,12,1
p30,85921,298,278,1,12,1
p30,85922,297,277,1,13,1
p30,85929,297,277,0,13,1
p30,85942,295,275,0,15,1
p30,85977,295,275,0,14,8
p30,85978,295,275,0,14,15
p30,85989,295,275,0,13,14
p30,85994,295,275,2,13,14
p30,85996,295,275,2,12,13
p30,86004,295,275,3,12,13
p30,86007,295,275,2,12,13
p30,86012,295,275,2,12,13
p30,86020,295,275,2,11,12
p30,86032,295,275,2,10,11
p30,86038,295,275,3,10,11
p30,86041,295,275,2,10,11
p30,86043,295,275,1,10,11
p30,86044,295,275,1,9,10
p30,86045,295,275,0,9,10
p30,86048,295,275,0,9,10
p30,86050,295,275,1,9,10
p30,86058,295,275,1,8,9
p30,86059,295,275,0,8,9
p30,86071,295,275,0,7,8
p30,86112,295,275,0,6,7
p30,86133,295,275,0,5,6
p30,86139,295,275,0,5,6
p30,86146,295,275,0,4,5
p30,86149,295,275,0,4,5
p30,86154,295,275,0,3,4
p30,86163,295,275,0,2,3
p30,86168,295,275,0,1,2
p30,86173,295,275,0,0,1
p30,86196,294,274,0,1,2
p30,86205,294,274,0,1,1
p30,86206,294,274,0,0,1
p30,86209,293,273,0,1,2
p30,86216,293,273,0,0,1
p30,86224,292,272,0,1,2
p30,86225,291,271,0,2,3
p30,86232,290,270,0,3,4
p30,86243,290,270,0,2,3
p30,86250,290,270,0,1,1
p30,86251,290,270,0,0,1
p30,86318,290,270,0,0,1
p30,86352,290,270,1,0,1
p30,86353,290,270,2,0,1
p30,86354,290,270,3,0,1
p30,86355,290,270,1,0,1
p30,86388,290,270,2,0,1
p30,86409,0,0,0,0,0
